2.000634174552410049e-01
4.071893768351760867e-01
3.423433942117458106e-01
2.241949297194656410e-01
1.931811103579618716e-01
2.006807228374194452e-01
1.850035324530319714e-01
1.822709409633453681e-01
1.979851513740807090e-01
1.877393269999962921e-01
1.815502902072543556e-01
1.717043284774297796e-01
1.618335216400386412e-01
1.635711114377327580e-01
1.681188602714914215e-01
1.806949085293159118e-01
1.890103276250536812e-01
2.162092791004344428e-01
2.451691817620243463e-01
2.582273049097271733e-01
2.794176052221739592e-01
3.095390721721804073e-01
2.641149960325288037e-01
2.452084898438355587e-01
2.354499645203273761e-01
2.414626891709172329e-01
2.451771022257785426e-01
2.414434443070013481e-01
2.224025830766031275e-01
2.142456198808105061e-01
2.052802935457912481e-01
2.013956507179641420e-01
1.927999589663662305e-01
1.864670499414205485e-01
1.808941492713885824e-01
1.771804688833483743e-01
1.783389422984700268e-01
1.756952165961946088e-01
1.760604357185293067e-01
1.774754487092073951e-01
1.857742542744436620e-01
1.937054507525826919e-01
1.944350461984010181e-01
2.006679909917741533e-01
2.159171222805795487e-01
2.269380046422525554e-01
2.392333819392327698e-01
2.489448555051124723e-01
2.553585559835831464e-01
2.661558543098027085e-01
2.733003104629380120e-01
2.898523668111632756e-01
3.093385430430632965e-01
3.125474022357482284e-01
3.110959370648551658e-01
3.108511859952126644e-01
3.136844608722785810e-01
3.121232038507196216e-01
3.005149727037463303e-01
3.035422846922018469e-01
3.234412931380632461e-01
3.186573659609863163e-01
3.180693716235248880e-01
3.046281378772681125e-01
2.826996823304653295e-01
2.759126513085243260e-01
2.416875157928340401e-01
2.245545831036894202e-01
2.291153820031377186e-01
2.178875138409948065e-01
2.228002187956915348e-01
2.367954039835732383e-01
2.398635490964176886e-01
2.422946393426332057e-01
2.303035382369851558e-01
2.206997388095071899e-01
2.131744397773986111e-01
2.042196421553243990e-01
2.009480456925760161e-01
2.040564009275735446e-01
1.947383553644866372e-01
1.840731201522582128e-01
1.847188878166327319e-01
1.836975636679029633e-01
1.818852722924944598e-01
1.749270362461945727e-01
1.802881536881012214e-01
1.816548776945993982e-01
1.874017709590132807e-01
1.830840204538146387e-01
1.852268540311485800e-01
1.879128680085618841e-01
1.800448237662309880e-01
1.854130246143226857e-01
1.845575282025282704e-01
1.909491964820857479e-01
1.916636988501753402e-01
1.927370750385322962e-01
1.919151509464903094e-01
1.885222068539239015e-01
1.863511042053010158e-01
1.891643663962010447e-01
1.867118431437233272e-01
1.874633121330580299e-01
1.876479581355640358e-01
1.930347719938243223e-01
1.986965295427466083e-01
2.049576974803045959e-01
2.109954476720530270e-01
2.166920795355730123e-01
2.156577264163093977e-01
2.118643590534437793e-01
2.144647470446618132e-01
2.120936447310529382e-01
2.189846687777537715e-01
2.239349368578631150e-01
2.160671472814801597e-01
2.331494452760099756e-01
2.506013810920388885e-01
2.901745834031470017e-01
4.130006314038414117e-01
