1.197161722976595399e+00
1.137899988946071694e+00
1.055097368432340810e+00
1.030777523062015533e+00
9.621685276575410173e-01
9.005977004490978155e-01
8.995198190861874998e-01
9.271673740488137749e-01
1.042777655994318931e+00
1.062909575755406788e+00
1.078608980474301760e+00
1.065502371008579585e+00
1.006027659244472572e+00
1.021481662063974172e+00
1.019513751036704496e+00
1.012047100533905564e+00
1.012170664988550017e+00
1.031742096814858733e+00
1.036135029486932035e+00
1.036180554705689927e+00
1.033028376394669268e+00
1.064155642866884133e+00
9.922605100386664434e-01
9.864710939461237560e-01
9.868452139895846909e-01
1.005053590524626062e+00
1.025645992863070122e+00
1.009151043178030616e+00
1.009145723421796426e+00
1.008296993491696325e+00
1.014185367550974659e+00
1.007780730655485568e+00
1.007720589236649644e+00
1.011666406311060751e+00
1.005334542840719214e+00
9.957110879063334474e-01
9.866351570651683556e-01
9.783793767249067130e-01
9.752343135296481780e-01
9.742170805940519873e-01
9.817213420831072401e-01
9.781908487864309221e-01
9.645536094887759981e-01
9.451017231020093501e-01
9.398080438315595808e-01
9.266978622901922424e-01
9.050220231135386317e-01
8.843927180930359899e-01
8.793422363882896775e-01
8.684251969974092766e-01
8.859930422350280610e-01
9.069143057220849791e-01
9.316404573457558458e-01
9.299524190860929407e-01
9.406356152133895643e-01
9.568712203715992182e-01
9.703887570876458257e-01
9.475051299186602050e-01
9.270239483848211615e-01
9.409923916138713818e-01
9.828360852556797811e-01
9.859529189762160639e-01
1.000309383131074981e+00
1.012525072206452492e+00
9.683721640363631700e-01
9.417903902567590357e-01
8.734300115633422124e-01
8.202106280368575142e-01
8.314319723681228291e-01
8.146629848224836712e-01
8.264066814990965737e-01
8.650444867456236198e-01
8.958952363758354576e-01
9.022090632657845388e-01
9.128758606630996697e-01
9.161595450324788725e-01
9.266970712756494866e-01
9.610646158533786565e-01
9.608043688133135474e-01
9.678937987681054400e-01
9.675126689999070662e-01
9.618222720033580142e-01
9.549801906367795246e-01
9.526777642431131232e-01
9.417873439925061874e-01
9.376363446725667350e-01
9.377810318095461950e-01
9.460453993761506197e-01
9.627609211277482482e-01
9.656836477871392210e-01
9.591015095484854980e-01
9.718247637611954204e-01
9.818735121520550946e-01
9.824281127056846419e-01
9.852111990263336949e-01
9.933963800245496634e-01
9.925064785791730682e-01
9.947324724817788733e-01
9.987119047666142002e-01
1.006225964378256066e+00
1.014860949267621493e+00
1.018646829145985144e+00
1.015896040286919932e+00
1.002708818266108803e+00
1.005936324577693552e+00
9.964005508301057024e-01
1.004547727340364460e+00
1.013696946029861712e+00
1.016782392452228567e+00
1.017979748386349748e+00
1.020218638800705513e+00
1.025283690071682630e+00
1.011342034474287388e+00
9.945655038183954799e-01
9.927730322493130144e-01
1.015645565302472741e+00
1.009610640363401979e+00
1.003577729939529872e+00
1.002919913346977054e+00
9.847709569681997177e-01
1.010520566038140888e+00
