5.933978103264554438e-01
6.316666068279579438e-01
6.444248310343859698e-01
6.329265920910925880e-01
6.087652441353642585e-01
5.815145599216750005e-01
5.937194978621063157e-01
5.944479379477757286e-01
6.505413632606774632e-01
6.574457446830169749e-01
6.840849260899783957e-01
6.836898561700535115e-01
6.687794427445201695e-01
6.852142219667293199e-01
6.947625164476703974e-01
7.124421070764461739e-01
7.338462174275913741e-01
7.825936595059296286e-01
8.286843939802498449e-01
8.329143157577194589e-01
8.840558858659512964e-01
9.425424752374217396e-01
8.953881313910668771e-01
8.536988855918792307e-01
8.420463024718668477e-01
8.397448649235874640e-01
8.446337841167980143e-01
8.429349400768260114e-01
8.605808589182792900e-01
8.539630196138059404e-01
8.499933669219723598e-01
8.360213154103907085e-01
8.136457005520797425e-01
7.967449259111598625e-01
7.737816000920316739e-01
7.564211405453071801e-01
7.433470838935407610e-01
7.353554908904038623e-01
7.172519258593451630e-01
6.961839382977255131e-01
6.797816174204909245e-01
6.605671984027630117e-01
6.366979572392569287e-01
6.191079095477465266e-01
6.096219550340324922e-01
5.976900640002219545e-01
5.794715488747459453e-01
5.690880164570325528e-01
5.523139126062238669e-01
5.397435917112199943e-01
5.270104440630665188e-01
5.274429910328438664e-01
5.359109755377684525e-01
5.505235198153752840e-01
5.683533154496689388e-01
5.697411692305787145e-01
5.823641490961486422e-01
5.785066196947986628e-01
5.695477781498895498e-01
5.741210948791363178e-01
5.648835350663208299e-01
5.588983598452882395e-01
5.586899337032729118e-01
5.518606104450755057e-01
5.175928256807962313e-01
4.969531804291246191e-01
4.653814754757900074e-01
4.589557944747365559e-01
4.903922049280546869e-01
4.913684566766591821e-01
5.128024308277273624e-01
5.342052946259083779e-01
5.483388177456016699e-01
5.510235224852459979e-01
5.546847025232563011e-01
5.625713364648725623e-01
5.699476217551813217e-01
5.953751118313775903e-01
6.213891079985780497e-01
6.360525661505699313e-01
6.449368787533787950e-01
6.563677942869481363e-01
6.615445330480703712e-01
6.667848445753611353e-01
6.804956987296064685e-01
6.863323610308146305e-01
6.936937175546137313e-01
7.127076005386777657e-01
7.273712560862315435e-01
7.377948223364748648e-01
7.419924009135461240e-01
7.510454800255494945e-01
7.525063533961908746e-01
7.489675114266404199e-01
7.515432262675810771e-01
7.543956002215408407e-01
7.473247911705168667e-01
7.376797219679414042e-01
7.320123466698327253e-01
7.155017414440336676e-01
7.098702117152524416e-01
7.076117259005143545e-01
7.029919794113396181e-01
6.982214841879393896e-01
6.992438220736234555e-01
6.911658675012659625e-01
6.910636766050776147e-01
6.927253581767213175e-01
6.981235060871463505e-01
6.972347442589462707e-01
6.894738333028598287e-01
6.759473207400453765e-01
6.818686520917230931e-01
6.736308362712598585e-01
6.685864291928674819e-01
6.671827190236686578e-01
6.754403069445259478e-01
6.909577224094028969e-01
6.883774382753731214e-01
6.527884505944301363e-01
6.549311467239710138e-01
