1.769481918447093904e-01
1.587857667010202090e-01
1.696113206326358147e-01
1.484959849201735460e-01
1.330153391704167465e-01
1.400181213822180581e-01
1.352823100856704319e-01
1.381442527081558624e-01
1.659395724190776689e-01
1.756441277899004894e-01
1.450183001555264140e-01
1.432152801949935217e-01
1.386862887990506221e-01
1.486132258530621086e-01
1.551765249261300994e-01
1.696349819174640117e-01
1.736176266989028494e-01
1.968194598290416708e-01
2.216711614370453221e-01
2.195512996161154140e-01
2.254886322491617690e-01
2.248578289089954163e-01
1.896202753321567236e-01
1.740875200988495075e-01
1.619522156103190280e-01
1.679837363919045590e-01
1.647131438918171542e-01
1.720877737545944697e-01
1.614061896714824029e-01
1.602224369675697424e-01
1.599940578363009958e-01
1.617311757153913343e-01
1.571532849953871380e-01
1.593525263704529682e-01
1.580400407875645619e-01
1.587790776425164474e-01
1.599831608056886123e-01
1.619257900690379282e-01
1.668838336220070662e-01
1.727035004583451494e-01
1.835559240211411536e-01
1.938063038365382684e-01
1.992011428746192359e-01
2.129544451581678877e-01
2.247774331547898186e-01
2.395419312577402593e-01
2.526243235238413987e-01
2.634903998322767893e-01
2.661379633694002100e-01
2.716509515571751687e-01
2.806696413236525189e-01
2.989335531622307474e-01
3.030931875025035249e-01
3.067228646634561073e-01
3.065003701417731707e-01
3.136799378613023825e-01
3.121524796570729343e-01
3.101365997946162190e-01
2.959068845893902955e-01
2.822231906798561285e-01
2.871179953449524702e-01
2.786408952338159106e-01
2.712571345590738536e-01
2.758480051522226861e-01
2.651802420999405663e-01
2.580733747926761135e-01
2.449646305297783211e-01
2.400312621583042261e-01
2.412793517617784766e-01
2.541329974736589725e-01
2.582760613955808471e-01
2.604368967616267905e-01
2.476631330789662300e-01
2.428084957926240628e-01
2.304154393653237709e-01
2.218189363176342188e-01
2.111112616162928168e-01
1.992926701169657755e-01
2.005221088089620962e-01
2.045613230956833117e-01
1.886796967022351945e-01
1.817292415827454488e-01
1.820447296399118620e-01
1.748386500196997262e-01
1.671988059950058059e-01
1.593253562745996499e-01
1.627611687882277725e-01
1.641045701938262102e-01
1.645724072724568388e-01
1.598960924001865958e-01
1.590491654683057476e-01
1.588594508290154805e-01
1.507855639793829194e-01
1.511014918642773486e-01
1.504129614691211703e-01
1.530089896148470463e-01
1.500144358538670064e-01
1.498168706781299875e-01
1.492194399423930617e-01
1.480739891755689652e-01
1.447463308406174154e-01
1.508685604527405799e-01
1.544706767004782877e-01
1.549851362022771073e-01
1.576710815006467370e-01
1.603399613833046411e-01
1.613720471136373957e-01
1.632589689489096774e-01
1.702248640491129672e-01
1.804734150223289146e-01
1.813265762474134402e-01
1.792071397713674019e-01
1.792717553229500604e-01
1.776286991559751505e-01
1.807937008588145211e-01
1.754852665086451269e-01
1.720936586558138304e-01
1.728945249458562206e-01
1.722709461971777267e-01
1.681519101825479090e-01
1.859985922202127828e-01
