9.837811465667802846e-01
9.823111971541272913e-01
9.820502611118357983e-01
9.835855990714781338e-01
9.842312848947114556e-01
9.844932858470174519e-01
9.837621642350232731e-01
9.831242462947019645e-01
9.835222738418504251e-01
9.837673119897706320e-01
9.842162661830080594e-01
9.849755682474505836e-01
9.860384695695041390e-01
9.866806648128629842e-01
9.874991519251277161e-01
9.880294815527067565e-01
9.882922465841048609e-01
9.885997379056842282e-01
9.891370030626049914e-01
9.899699417527129119e-01
9.905753307843964128e-01
9.909950784610265240e-01
9.914077526201718893e-01
9.918743036699884108e-01
9.924381151936161327e-01
9.929246366556753189e-01
9.933773289147465047e-01
9.937350208374461369e-01
9.939554298837284252e-01
9.941417973425663579e-01
9.943494693485626090e-01
9.945096243439379702e-01
9.945272222370286075e-01
9.944177076579582275e-01
9.942550737711361997e-01
9.940949383320262234e-01
9.940037856952071982e-01
9.939499674239679061e-01
9.939088900131938242e-01
9.937963445482388414e-01
9.936942316575330114e-01
9.936298424167285814e-01
9.936534427588102902e-01
9.936631265314829209e-01
9.935890732613178455e-01
9.932638343421070770e-01
9.930834919309994291e-01
9.925970514255344490e-01
9.917265716099253892e-01
9.904955735029924435e-01
9.889278960826894949e-01
9.869490326656276125e-01
9.844463252221087313e-01
9.815495626171687471e-01
9.783594540831088704e-01
9.755295559443070141e-01
9.736793341667482338e-01
9.724071304228069090e-01
9.716686736908518585e-01
9.713237855423664247e-01
9.709383905661164160e-01
9.700608697855429563e-01
9.694699000009464607e-01
9.692853389695140764e-01
9.696707738854077885e-01
9.709181833790949678e-01
9.734349437161858853e-01
9.766667146978539327e-01
9.804798804073430185e-01
9.842326626403334888e-01
9.872813994526070669e-01
9.895706146188408825e-01
9.911798991710466522e-01
9.921352759367696450e-01
9.929359819145627819e-01
9.934831443990321809e-01
9.937907855473842034e-01
9.940539167702778789e-01
9.941821593630273401e-01
9.937406254877809708e-01
9.933104500049085850e-01
9.930019611192134610e-01
9.927497149177338942e-01
9.924884722199227571e-01
9.924846748039625188e-01
9.929124080435032251e-01
9.931510145764875785e-01
9.933440727325937303e-01
9.932858298185661683e-01
9.932880069031508885e-01
9.933501553038776022e-01
9.933168016622280216e-01
9.933262504801992909e-01
9.932814528858274761e-01
9.931218231110979788e-01
9.929589946338193140e-01
9.928895710695904153e-01
9.928594700101034398e-01
9.928584919024776578e-01
9.929614915014592924e-01
9.929498315961203803e-01
9.928253241025548625e-01
9.927056511910495873e-01
9.925807123241241481e-01
9.924725023696249204e-01
9.922719351906550411e-01
9.918376118087491866e-01
9.912326288112143224e-01
9.909334429701510683e-01
9.910549869384924770e-01
9.911111775873846508e-01
9.910141298353222217e-01
9.911207674144346669e-01
9.912868411209695418e-01
9.916234841868287742e-01
9.918524905613733678e-01
9.922208116885881113e-01
9.926702084527302405e-01
9.928585569802689248e-01
9.929953145319649899e-01
9.928291887948595962e-01
