7.598212658678298315e-01
7.578781400286697112e-01
7.561083850276737461e-01
7.414237657701694406e-01
7.253913085544226869e-01
7.196905291294982687e-01
7.171818413722973462e-01
7.156477151509315071e-01
7.120056505853123996e-01
7.072375486436422998e-01
7.009619536514589688e-01
6.944139890662647252e-01
6.891981960086842607e-01
6.803866580641808604e-01
6.695476345945252650e-01
6.583823812632038086e-01
6.455317486938493277e-01
6.292239830581308757e-01
6.131228144017387693e-01
5.995473479378115034e-01
5.891894907076803412e-01
5.828676521907609764e-01
5.799184527978302750e-01
5.785863790743206447e-01
5.779233049330236849e-01
5.780576941902424437e-01
5.782736257161720239e-01
5.774833632609769341e-01
5.755043889460296214e-01
5.726903691833139520e-01
5.700825390123126502e-01
5.678053232172491915e-01
5.656648149139208437e-01
5.635461601860904945e-01
5.618247860123071202e-01
5.612299266481647342e-01
5.633867725102582602e-01
5.713315953622016830e-01
5.878177206263544008e-01
6.131654370908382612e-01
6.447894233042593681e-01
6.796197722250456597e-01
7.171991406868312158e-01
7.529391568881619312e-01
7.836582930407317571e-01
8.082976386871831842e-01
8.280512862867646096e-01
8.409626189164416399e-01
8.479443327893522175e-01
8.482820991987179982e-01
8.454169187522223572e-01
8.382083699441184033e-01
8.267648956533627524e-01
8.125403965009356799e-01
7.964420281756964259e-01
7.815903642105342941e-01
7.718047388179822832e-01
7.657727800571428878e-01
7.631366081654038513e-01
7.618716674176726489e-01
7.597979373307212070e-01
7.560364933432162093e-01
7.506400316164812958e-01
7.437313012069511897e-01
7.389636548325853038e-01
7.397180283518067778e-01
7.481231118646374245e-01
7.662317473297074466e-01
7.922885146464542228e-01
8.168036385899761775e-01
8.324520267167794252e-01
8.428966486412599046e-01
8.497482715782389562e-01
8.499784296091832392e-01
8.449861599001285972e-01
8.351791642433776808e-01
8.210675965746434546e-01
8.047305759264232750e-01
7.896329573834474091e-01
7.725053970898552169e-01
7.579856027758304915e-01
7.441338514598487830e-01
7.309307160310239970e-01
7.202016235464921978e-01
7.110531591047438704e-01
7.107964072216067519e-01
7.110734406334204838e-01
7.114919179043758257e-01
7.063710267177898405e-01
7.019052833161933957e-01
7.003611924351464957e-01
6.955967265454370274e-01
6.907580050090004198e-01
6.872860431405907189e-01
6.835681413226495362e-01
6.795148360672459420e-01
6.749873632502736420e-01
6.713289749170368026e-01
6.702363233837772549e-01
6.706658418954337675e-01
6.710451047351824183e-01
6.719944540272261291e-01
6.738179748797646917e-01
6.731085953406117373e-01
6.717519959783387895e-01
6.718382280038679433e-01
6.728713591738494371e-01
6.747763746658558270e-01
6.798385329459127879e-01
6.906835256874110929e-01
7.018042053071309461e-01
7.098811701410899788e-01
7.165919018591825340e-01
7.218232389731070731e-01
7.260191159197285637e-01
7.321963877070823967e-01
7.405217673172406201e-01
7.479172826805926544e-01
7.503801936814747942e-01
7.489262884469816139e-01
7.488824099846875804e-01
