9.549463650886395039e-01
9.574055620769874597e-01
9.604006342838942167e-01
9.577178734841200747e-01
9.510019651614028957e-01
9.377250006548322192e-01
9.260906078158320787e-01
9.264258278957927528e-01
9.228248865114180299e-01
9.241916548930959596e-01
9.302878660888319606e-01
9.276547417965550490e-01
9.237378384458606595e-01
9.204732648214630775e-01
9.171176638796404434e-01
9.115217668335550139e-01
9.054676955334215460e-01
9.024571064242487006e-01
9.030326166799755860e-01
9.088093155201909523e-01
9.165412105119027375e-01
9.236504306577285606e-01
9.274001446882301769e-01
9.322120154946397230e-01
9.344239897767340208e-01
9.375432379879006239e-01
9.397138355972799451e-01
9.429405730970638055e-01
9.454251285972526953e-01
9.483080208398128041e-01
9.507236509087590992e-01
9.537566778085467822e-01
9.559335576220762132e-01
9.576958998299330839e-01
9.587671746663718464e-01
9.586646194906296436e-01
9.562251941228185892e-01
9.534382258709593883e-01
9.502203097887672589e-01
9.481051136241469557e-01
9.446219147096566182e-01
9.424507215511445102e-01
9.414160430098678090e-01
9.398302264071797252e-01
9.397416070437583091e-01
9.406232987881577579e-01
9.402165658243418767e-01
9.394940948128748248e-01
9.394266132789559354e-01
9.371747779894993302e-01
9.367553408520914449e-01
9.335674296292363339e-01
9.266481763307939934e-01
9.200400583581199720e-01
9.058523267257065914e-01
8.924148108271533486e-01
8.799181102829696233e-01
8.667513398163843030e-01
8.543864215564532794e-01
8.414270611495529018e-01
8.395987207874570091e-01
8.509071504819835097e-01
8.614776703371643807e-01
8.698918719825312618e-01
8.832519918321986019e-01
8.989358754663875350e-01
9.098041386846716927e-01
9.209668742340232361e-01
9.217237632159039906e-01
9.238478952384755472e-01
9.266558946597867052e-01
9.289560592386093552e-01
9.311090018945628044e-01
9.328537555648922508e-01
9.347450741546659003e-01
9.322276717931647916e-01
9.321851699422279980e-01
9.313299489487275595e-01
9.260681256609347711e-01
9.270432513080544279e-01
9.280295591995336713e-01
9.279656663549212814e-01
9.285823494431063585e-01
9.306734459477238319e-01
9.316861707421445482e-01
9.290385296566002760e-01
9.294417811539142926e-01
9.293251321788112973e-01
9.306591402396066082e-01
9.309526801603228430e-01
9.299894394726376801e-01
9.289157019158850170e-01
9.312784749346022517e-01
9.309288916525008117e-01
9.301391864233764517e-01
9.296332275918608445e-01
9.321798313114962875e-01
9.326320835579380297e-01
9.312336940791124951e-01
9.292446404935332804e-01
9.276166235107770053e-01
9.238601701856805626e-01
9.223041354959438110e-01
9.227269408791709537e-01
9.194675057685718356e-01
9.175727066831439460e-01
9.155749872526439681e-01
9.168835411820992487e-01
9.187767831897245552e-01
9.188726932028372651e-01
9.160148017795290976e-01
9.171479026306531557e-01
9.157951295044436391e-01
9.142661800076649081e-01
9.144334390060596673e-01
9.088705968064663132e-01
9.208895575362726627e-01
9.220770816801048264e-01
9.169251858762419438e-01
9.200456753820825950e-01
9.105973498377195607e-01
