9.190508355918204364e-01
9.130422820155192909e-01
9.019405250643650618e-01
8.942811376183765759e-01
8.872120702018547744e-01
8.838352212780677952e-01
8.860356541712463008e-01
8.871544808373018620e-01
8.829492550162206799e-01
8.844595219192155078e-01
8.845751388618978694e-01
8.852502220090205931e-01
8.781491255283295772e-01
8.725921957910575122e-01
8.724018729827587304e-01
8.714480885449428227e-01
8.734138229425745248e-01
8.656377974826899857e-01
8.496696756513074655e-01
8.342567206247103462e-01
8.199291408804708636e-01
8.062358085132227403e-01
7.927943702383312141e-01
7.811208547691173010e-01
7.720162974276209011e-01
7.654053260489624977e-01
7.584071219406188780e-01
7.562685596679025180e-01
7.566924556719917261e-01
7.599922197668014245e-01
7.637531897799458847e-01
7.666491885229137493e-01
7.745011325972704919e-01
7.911132402622399473e-01
8.099486233472112939e-01
8.293539954731797836e-01
8.474418211097342057e-01
8.612957503795855008e-01
8.725078495105317300e-01
8.826947715235065051e-01
8.919183775598430453e-01
8.992631140918156962e-01
9.055977182826099314e-01
9.135193186549511735e-01
9.200255730191694292e-01
9.244815985444032602e-01
9.286632324673431693e-01
9.296363281972880310e-01
9.263231252248786962e-01
9.171739387282946687e-01
9.031035637974347274e-01
8.902605481907224227e-01
8.751576598510719673e-01
8.583063105380938085e-01
8.427602664377076280e-01
8.349372325002490935e-01
8.319522208506227035e-01
8.236560472995139159e-01
8.199062559449740162e-01
8.252233921918948889e-01
8.287446358450719641e-01
8.158923522066312550e-01
7.975216885838097847e-01
7.784785505511720993e-01
7.675304658748357545e-01
7.709322351046130617e-01
7.852485009815705075e-01
8.107634387672832954e-01
8.501254927391066474e-01
8.856533050685716502e-01
9.069583026398071457e-01
9.212169373530620931e-01
9.314380829261068584e-01
9.387670615370261595e-01
9.437041569364397198e-01
9.476627953508017788e-01
9.507259571830045664e-01
9.517189638224650139e-01
9.515532485016183761e-01
9.522717472694627316e-01
9.510010132361996771e-01
9.491736027659051222e-01
9.471753365161014182e-01
9.442443315556950933e-01
9.403547704162132925e-01
9.376991039296419528e-01
9.354185088470677867e-01
9.337957360115640704e-01
9.334065382763329088e-01
9.331600143871963127e-01
9.360506963075108100e-01
9.378671536064101533e-01
9.379055148846309198e-01
9.390608257245144364e-01
9.394078106916363691e-01
9.409918055034723894e-01
9.437965988251465488e-01
9.454951800884169311e-01
9.458863042715665026e-01
9.466961299015823617e-01
9.465500360363759969e-01
9.463921960308762094e-01
9.446516829759945555e-01
9.438399856407878596e-01
9.436448234367238452e-01
9.442548562482026009e-01
9.455976256898076526e-01
9.474965264673557153e-01
9.476933662177150497e-01
9.495867484919998658e-01
9.537712387526904312e-01
9.583068666549124925e-01
9.614575665753771760e-01
9.627126517743818113e-01
9.621303892653103595e-01
9.629381173148857664e-01
9.647992364562518741e-01
9.642347251733310864e-01
9.616491061696225140e-01
9.607455048001170006e-01
9.611394502209520407e-01
