5.964894398272888587e-01
6.085571244807016500e-01
6.148015359392431378e-01
6.096699299578136610e-01
6.023236444356423469e-01
5.819890123336151078e-01
5.640180631201175965e-01
5.484159028875771336e-01
5.497237206093416040e-01
5.583232170047774945e-01
5.719964254180383012e-01
5.788266670395587621e-01
5.774020335993399478e-01
5.741440999666752587e-01
5.758770537586791471e-01
5.805546204809693966e-01
5.819140324087711535e-01
5.806646066873236700e-01
5.794810096238809383e-01
5.736066731986355638e-01
5.626718922191157324e-01
5.581141462275283072e-01
5.522835626506705786e-01
5.463455051424356279e-01
5.456831653010928429e-01
5.435670984540907913e-01
5.472861794463965701e-01
5.523692535722903862e-01
5.646510673923657020e-01
5.752810775591892245e-01
5.848766087496267696e-01
5.931171651074882423e-01
6.017324284025844516e-01
6.067640807900701594e-01
6.145586242389969867e-01
6.125517855770868936e-01
6.045674093091072399e-01
5.907877021049918742e-01
5.843655874384640070e-01
5.728575415331611520e-01
5.679885091241833051e-01
5.719059514091061613e-01
5.813639682013139742e-01
5.998831130067023842e-01
6.204130103199325674e-01
6.396273741133637891e-01
6.553316805198717843e-01
6.705440084399695300e-01
6.813671692403133751e-01
6.908846735818260365e-01
6.957878995170301284e-01
6.971459417191684382e-01
6.847443397349385341e-01
6.672735270241196837e-01
6.676201541754086533e-01
6.782039423026345881e-01
6.896657098546564724e-01
6.960845430315985016e-01
6.886084426898426702e-01
6.739055498828470103e-01
6.668689622790883176e-01
6.918342962978927257e-01
7.121605082594837377e-01
7.214791680709689015e-01
7.121284928677703574e-01
7.377341272359644320e-01
7.796826712979102458e-01
8.036871027935599265e-01
8.092555739714537566e-01
8.013454943510428530e-01
7.800407000198525953e-01
7.499663483065559522e-01
7.203409443504761311e-01
6.905141519597323141e-01
6.689664207753950320e-01
6.546449599557102594e-01
6.398567968250471472e-01
6.284957078304889144e-01
6.143218860207863008e-01
6.073737170467493618e-01
6.121906008866918603e-01
6.212099672099551384e-01
6.243736335844161101e-01
6.287878173471687093e-01
6.325502863517940000e-01
6.294899026728546509e-01
6.323822880315054240e-01
6.249207628210693422e-01
6.244129520339926076e-01
6.222102090164166599e-01
6.117505269365514087e-01
6.226334680388661003e-01
6.222326288265380700e-01
6.206135819436509049e-01
6.181238606209007447e-01
6.090731018200951086e-01
6.138528258234340340e-01
6.181972649276015197e-01
6.128669706667412287e-01
5.996494123611478821e-01
5.860223594684732529e-01
5.818343747982791525e-01
5.804419064638104420e-01
5.813985008156293821e-01
5.794680638151203933e-01
5.811612311178239176e-01
5.817801531405566440e-01
5.939567735141780824e-01
6.084207943404312813e-01
6.203685758481900514e-01
6.259209919729902261e-01
6.150879267803596173e-01
6.092477743138804414e-01
6.121075593878060328e-01
6.133516320947940414e-01
6.217563248346134053e-01
6.391378137920753488e-01
6.411717537874683792e-01
6.280226854715768026e-01
6.241701087188775698e-01
6.213694784785462888e-01
