8.866487272592387114e-01
8.977741273737983585e-01
8.943553419909632263e-01
8.847350926003630933e-01
8.815464342183484403e-01
8.675646699534771411e-01
8.660052596379161916e-01
8.863845087747972418e-01
9.043245085339221001e-01
9.131334608634714689e-01
9.238202568796985981e-01
9.381932198523876831e-01
9.523955592497753697e-01
9.651555837531979876e-01
9.739468758399751902e-01
9.785171311401840155e-01
9.828464667077473349e-01
9.842342921331883598e-01
9.848286753798237703e-01
9.851560245796403548e-01
9.854904522035333736e-01
9.854208247494095074e-01
9.856837225543173542e-01
9.859741001588684384e-01
9.863578229719218715e-01
9.861651891802850622e-01
9.862310280495272252e-01
9.858350079910143116e-01
9.853681039286789067e-01
9.848386093509076122e-01
9.845887303270829394e-01
9.838207090946045064e-01
9.836251119210522864e-01
9.825503785959914804e-01
9.814594700460771426e-01
9.796590729762064687e-01
9.772309365885756272e-01
9.747715869038591219e-01
9.696450055781127286e-01
9.637992222510597395e-01
9.570099011852083448e-01
9.542125578620631599e-01
9.515333391424100062e-01
9.489470312626825388e-01
9.474600297955573236e-01
9.475102380726048157e-01
9.458418786327906780e-01
9.469685495310897760e-01
9.495802922232637888e-01
9.517562992101952224e-01
9.565562086389242102e-01
9.614532811378021515e-01
9.615526035690458162e-01
9.617182464720751556e-01
9.600208713311488840e-01
9.592525366574904400e-01
9.574176106134155706e-01
9.562321056235630889e-01
9.536395333802754060e-01
9.501378915735604336e-01
9.444589852761869908e-01
9.527582533681712151e-01
9.635183127267189507e-01
9.677865300336755405e-01
9.677908058800482882e-01
9.685668642605949064e-01
9.706388089699473642e-01
9.706759312702855080e-01
9.656173681773119188e-01
9.598500039561834729e-01
9.500262800361741755e-01
9.353939367609652722e-01
9.194403495670208093e-01
9.103682633871930108e-01
9.065143772374065767e-01
9.039836034050582336e-01
9.033481679054008451e-01
9.094707882429259316e-01
9.171602564838344795e-01
9.243922808196515239e-01
9.350312553015350803e-01
9.477618952313099365e-01
9.562752651017604189e-01
9.611585415521681774e-01
9.646214879029010314e-01
9.631711584425812767e-01
9.617087091366720575e-01
9.613578260758084415e-01
9.653805266843851207e-01
9.688682005632851535e-01
9.683482604460671439e-01
9.707237608776514426e-01
9.734647093981921850e-01
9.767573939755629375e-01
9.790529991358664086e-01
9.801447491217180064e-01
9.811018993323965542e-01
9.817479494377937543e-01
9.820317780409897335e-01
9.815168974549332015e-01
9.800456996687392230e-01
9.786014621295784366e-01
9.767054454180701395e-01
9.753697652137228724e-01
9.742379535305619731e-01
9.719373139555581576e-01
9.692060670660427313e-01
9.665731145903305732e-01
9.619311575480773424e-01
9.607233697130524996e-01
9.599542574933758177e-01
9.604163286424018953e-01
9.566380760822451590e-01
9.517496643995052574e-01
9.505682159420248967e-01
9.494351301366942275e-01
9.526151479297282343e-01
9.488659128669022502e-01
9.418665636025174148e-01
9.230266347301705476e-01
8.587526636331849206e-01
