5.937895270549985449e-01
6.069777503402653540e-01
6.151341021228471373e-01
6.096579485676614230e-01
6.015640347098628604e-01
5.815166547255932183e-01
5.642703689240545772e-01
5.489567966829479451e-01
5.502810232443240412e-01
5.586854513559167401e-01
5.717251887921129816e-01
5.784796712291817578e-01
5.770229053925829410e-01
5.739043642518777411e-01
5.755701141599529613e-01
5.803363259693514742e-01
5.818890893472354886e-01
5.808193067372331431e-01
5.800881300161158105e-01
5.742368810821202318e-01
5.633574365130491479e-01
5.590276730981401654e-01
5.533138177031877714e-01
5.473619537420340020e-01
5.464599015622078060e-01
5.440655818865813842e-01
5.476505358798714473e-01
5.525381607214242541e-01
5.647029425372068756e-01
5.755956343577459666e-01
5.851510483401045626e-01
5.932901789502914580e-01
6.017536779037208072e-01
6.065991187363903858e-01
6.144149087584892532e-01
6.122578049507630960e-01
6.043640215638295121e-01
5.908766335200106301e-01
5.845508649850278404e-01
5.731519025732403350e-01
5.682111796473582332e-01
5.719727229643030153e-01
5.815290708361777750e-01
6.001790362313010885e-01
6.206692940095244193e-01
6.400563152291894875e-01
6.558005090196076248e-01
6.710969436894936857e-01
6.819154543514031053e-01
6.915072551462778661e-01
6.963441049006121597e-01
6.972896781679857048e-01
6.847111339456127821e-01
6.673799918681763144e-01
6.677941066647932189e-01
6.783697977350756636e-01
6.894720571073743587e-01
6.956669172129703593e-01
6.882343314218278829e-01
6.734274638515235223e-01
6.667470898281570024e-01
6.923949639877070572e-01
7.128385206404553864e-01
7.218427448071305097e-01
7.125006988418985943e-01
7.381575351975728783e-01
7.800081034797787805e-01
8.037721325752659185e-01
8.090422299904967973e-01
8.009746452058618127e-01
7.795148573631955902e-01
7.493498029317849918e-01
7.197620487856630778e-01
6.899949239574103554e-01
6.683187977973058524e-01
6.539699044604091460e-01
6.395525656209417598e-01
6.283989630373091329e-01
6.141269392531933935e-01
6.070599075020700619e-01
6.119542648443759836e-01
6.211307498725046061e-01
6.245892072801246808e-01
6.292735977576264794e-01
6.332066615875274751e-01
6.300230598883207467e-01
6.327439589179290058e-01
6.252334336776311785e-01
6.249867690569282930e-01
6.228362164026580716e-01
6.122826022998649753e-01
6.231957302547833644e-01
6.225660731040230100e-01
6.207251896050176576e-01
6.182815426598792241e-01
6.088857907147403603e-01
6.134201380979984464e-01
6.177096714600716076e-01
6.121790307076101501e-01
5.988070539747316623e-01
5.850747191214341614e-01
5.810342041276060909e-01
5.800178013640167052e-01
5.812240623333174705e-01
5.796488291684267491e-01
5.813845051169787004e-01
5.819314066925421747e-01
5.941097063992615279e-01
6.089903636876854431e-01
6.210790760798218235e-01
6.267074969918602356e-01
6.161173318853260250e-01
6.102351285083804644e-01
6.129799230286894218e-01
6.137175079673400369e-01
6.218343153728724815e-01
6.391758123321914509e-01
6.413590556531365561e-01
6.288293409219408714e-01
6.252049631385541151e-01
6.223645871189139589e-01
