6.233182775966222833e-01
6.086469705930954710e-01
5.930000852319776694e-01
5.850604142535235086e-01
5.845781920768345907e-01
5.786789753079581988e-01
5.848047394986682912e-01
5.893177656426308308e-01
5.866903847659915572e-01
5.743119626790984533e-01
5.689455413166487618e-01
5.646547658799572211e-01
5.583069374809187524e-01
5.596478304831303818e-01
5.586432345614341655e-01
5.588662027668376275e-01
5.569945546337282671e-01
5.563766455595690053e-01
5.575056495695503989e-01
5.575216565015433945e-01
5.511518128526537996e-01
5.451205581784608345e-01
5.401397098985655232e-01
5.316278007599212208e-01
5.263584450737716081e-01
5.234083252273832310e-01
5.252975469560361432e-01
5.255781633039877665e-01
5.288794415531135051e-01
5.313456102114022528e-01
5.325487402343493937e-01
5.311781612658132978e-01
5.309655436254880900e-01
5.291025736893962828e-01
5.321580511322495655e-01
5.334461819606340915e-01
5.346628814128793206e-01
5.287285662450537105e-01
5.282585150165866050e-01
5.303415978182962620e-01
5.354309314922580665e-01
5.454707224680621636e-01
5.599794713226607934e-01
5.706084035971891177e-01
5.839467950804861918e-01
5.980026904492745654e-01
6.179222579803602677e-01
6.361266020916068742e-01
6.489584473192251401e-01
6.606454457373334144e-01
6.692243013428093024e-01
6.778092293331569040e-01
6.746266545190577890e-01
6.658489424572870963e-01
6.615835819775003346e-01
6.593208818165722240e-01
6.527180688678361209e-01
6.586604652543106564e-01
6.582760784997572223e-01
6.597692731554298806e-01
6.656218912061347970e-01
6.776313874265670334e-01
6.823142450133723447e-01
6.789429534337697580e-01
6.717118235800001447e-01
6.896964758827484054e-01
7.237878720022888901e-01
7.491307110721469043e-01
7.578060861129501946e-01
7.503681573830669471e-01
7.298161169025372264e-01
7.048162327822524720e-01
6.791377712225217245e-01
6.544726501704503097e-01
6.382579304567208567e-01
6.274185761116132243e-01
6.190386116902291125e-01
6.123793769568722789e-01
6.056660129125248648e-01
5.948767495561907426e-01
5.956019049458211034e-01
6.034321661573039952e-01
6.034645159595358743e-01
6.001907616918376043e-01
5.920426111751313503e-01
5.897251613632505940e-01
5.891854656778720001e-01
5.842131307862518108e-01
5.855618676097227304e-01
5.863184873688369603e-01
5.846026048423863530e-01
5.873339170561161504e-01
5.862656004344486416e-01
5.839606373057890654e-01
5.778589725953942047e-01
5.712877971739662719e-01
5.694205416583396628e-01
5.748959173645309395e-01
5.732216132730155733e-01
5.760410883031448215e-01
5.766199754423528834e-01
5.798509169096607296e-01
5.844047251216828442e-01
5.864263795071664731e-01
5.850796309910700765e-01
5.908729908015449839e-01
5.970267963307674952e-01
6.021950567015196265e-01
6.066557237040156592e-01
6.121172771688541125e-01
6.095747617119973150e-01
6.097657554685658177e-01
6.019733972802877586e-01
5.953879723285224745e-01
5.981028019833002363e-01
6.075970950210966004e-01
6.207372989595406620e-01
6.173832538819544746e-01
5.869086875968356765e-01
5.858483253253591316e-01
5.922103915326807355e-01
