8.694182958848718501e-01
8.824806248603167536e-01
8.817787274439309320e-01
8.702005077370730257e-01
8.652598940639852909e-01
8.478316148560198773e-01
8.442473203881440957e-01
8.652865922012261679e-01
8.817032324025706469e-01
8.913186489843174520e-01
9.018929986063543014e-01
9.117872678602012559e-01
9.225164791596560665e-01
9.352157046866954593e-01
9.418012853503510140e-01
9.431219707723256240e-01
9.461632905757000334e-01
9.466709303135677489e-01
9.459928821045068270e-01
9.461851754360863787e-01
9.472275493721881157e-01
9.469777581111709086e-01
9.479287737224315613e-01
9.500929052353900284e-01
9.534537233094159125e-01
9.561244024218489290e-01
9.583698825329401982e-01
9.605258119564070718e-01
9.617087960933708990e-01
9.628676777592299896e-01
9.646473214539700303e-01
9.639742759001153072e-01
9.643424614999778210e-01
9.640198558173930232e-01
9.637177557324448918e-01
9.613507140421402308e-01
9.582585536164187623e-01
9.552639507810763986e-01
9.487361547319733690e-01
9.410304855731794760e-01
9.328261609538202048e-01
9.288392254625892352e-01
9.249169694516349294e-01
9.221245973476064339e-01
9.182619729456720226e-01
9.178064571392693383e-01
9.160589971776073037e-01
9.155367681012550607e-01
9.192899295440352114e-01
9.206065759693559114e-01
9.251201549010140690e-01
9.295496346338734117e-01
9.286456325679934842e-01
9.252705240240287621e-01
9.205633307928614562e-01
9.177566218851714863e-01
9.139386293839465436e-01
9.130669237857473863e-01
9.107702411536773290e-01
9.061134331956283150e-01
8.993681032472697900e-01
9.080321092914751535e-01
9.245869167884721573e-01
9.331619371616440839e-01
9.333966376120038655e-01
9.385499738544960113e-01
9.455172913478768759e-01
9.482087491283138769e-01
9.435769181586853849e-01
9.373691156456956941e-01
9.262076896908761903e-01
9.116076394328866961e-01
8.963029101404664800e-01
8.879549342606873896e-01
8.836853789675639392e-01
8.803524479873211517e-01
8.808145279428517549e-01
8.875430878606404006e-01
8.955184144838566063e-01
9.048030288936151910e-01
9.165532768726932789e-01
9.299372726863798233e-01
9.382394784173521129e-01
9.435348630044149143e-01
9.476163150724798978e-01
9.446287945310881673e-01
9.427798867990897502e-01
9.428075049785742401e-01
9.467796288118451864e-01
9.500334920710412634e-01
9.485416897478892162e-01
9.504335971211820278e-01
9.516339226269977525e-01
9.534347955000271879e-01
9.547697381517561421e-01
9.562333091443662170e-01
9.560751747728294392e-01
9.557859117300178120e-01
9.552133193385751175e-01
9.546594530837789749e-01
9.526894404776999892e-01
9.510750964414663722e-01
9.481734199075135816e-01
9.472709858226190383e-01
9.459721853632737654e-01
9.429121470726669063e-01
9.386962189300120940e-01
9.347066906853472856e-01
9.297733849738463174e-01
9.286589040799467787e-01
9.287044593106447143e-01
9.297790179361201668e-01
9.254737520962753594e-01
9.191543730075437679e-01
9.170278561713960386e-01
9.167902732774246832e-01
9.192633478106624345e-01
9.132238327161247282e-01
9.078459035185915127e-01
8.920124993286286941e-01
8.270560342999390135e-01
