9.515335063298319129e-01
9.537818867136541590e-01
9.483870440003071556e-01
9.374050801069261363e-01
9.261141212938248657e-01
9.184050758338426768e-01
9.182350179301842497e-01
9.258857772782026485e-01
9.284159342638863555e-01
9.258048360761973461e-01
9.329097952683081951e-01
9.343720544142217754e-01
9.343794601495001295e-01
9.356802114732413189e-01
9.364089065705764048e-01
9.347764430930494139e-01
9.340751698284031068e-01
9.320085385218875862e-01
9.290736035236446533e-01
9.291996371026803869e-01
9.298726908867264163e-01
9.312078748367572656e-01
9.339569885826584095e-01
9.367889471002370794e-01
9.409919838477035503e-01
9.438364996625568937e-01
9.463510828716910073e-01
9.491655219967893853e-01
9.511534946341924091e-01
9.517168416524778296e-01
9.540830757385951877e-01
9.541612484284865969e-01
9.546441458517699319e-01
9.541330014037778806e-01
9.534660119633978637e-01
9.509328880434241293e-01
9.480512054723340132e-01
9.442095039610614027e-01
9.371337403355607387e-01
9.294430254837221517e-01
9.211525734110223018e-01
9.152097990713842224e-01
9.102912044002314795e-01
9.056362950158522995e-01
9.002764242514338378e-01
8.997573863442481779e-01
8.974597990358478272e-01
8.964480455545583704e-01
9.004767727010091205e-01
9.004297776822994814e-01
9.013502644252849860e-01
9.033467762463637252e-01
8.994401326568638444e-01
8.935866597879080775e-01
8.860457654341596934e-01
8.838925363427049264e-01
8.765256544192207011e-01
8.733082035002633914e-01
8.699900535599726092e-01
8.673321634807243941e-01
8.621519016945666802e-01
8.701153920246232909e-01
8.836608032538980639e-01
8.915292545697401927e-01
8.924914581055835017e-01
9.042912797367503863e-01
9.187317624630427781e-01
9.255522096672784693e-01
9.254726901669648731e-01
9.188703112566304343e-01
9.071929940365556222e-01
8.918018775607260418e-01
8.767549082857953868e-01
8.661456106412259714e-01
8.612068185776593499e-01
8.609248579684188885e-01
8.663586362567502475e-01
8.738222378342234142e-01
8.807130715568227686e-01
8.920823563285567026e-01
9.063531027682469876e-01
9.186064840487039307e-01
9.290985590207694322e-01
9.361500212585123215e-01
9.404834554250636192e-01
9.397503556428985494e-01
9.365482880686727407e-01
9.326083115689910441e-01
9.363986734006368717e-01
9.402901175551737767e-01
9.398762233105204533e-01
9.423233922952992669e-01
9.434439973835370141e-01
9.442190866107121883e-01
9.463617518375099236e-01
9.466684370309560448e-01
9.458996513417339269e-01
9.450320719583811258e-01
9.449125921925519700e-01
9.438319108937872626e-01
9.430586752890747215e-01
9.421750576629955853e-01
9.413071859017381193e-01
9.412229534000343678e-01
9.392189770684905570e-01
9.372390169614035482e-01
9.354535701120432201e-01
9.327153154053704487e-01
9.272767438167980325e-01
9.233954719913506359e-01
9.240344712435969443e-01
9.253964895761011000e-01
9.234695383646588374e-01
9.209378205029141728e-01
9.214211914172025786e-01
9.235817379062206678e-01
9.262809441131156785e-01
9.262808881066970645e-01
9.298142080916077523e-01
9.319821535621781727e-01
9.195023798077518462e-01
