9.881431522095073250e-01
9.888857702303345265e-01
9.893430243178035211e-01
9.885988214821587183e-01
9.876467751751378810e-01
9.857807719896404253e-01
9.847590886642928476e-01
9.846432642773302879e-01
9.838459193650684886e-01
9.826003345010476675e-01
9.854340426695042954e-01
9.863076631586992216e-01
9.864637013546332378e-01
9.864233475759173198e-01
9.867128221782205388e-01
9.866199308075167540e-01
9.864965686054347760e-01
9.857081941042641349e-01
9.850315971770290391e-01
9.842539388891000662e-01
9.837574239434579981e-01
9.830287582614661845e-01
9.826471947997762468e-01
9.822924072555941910e-01
9.821798642394351520e-01
9.822773666620838728e-01
9.823625303628314986e-01
9.829042394524826198e-01
9.837960481537675328e-01
9.847468810796400351e-01
9.855656321059811376e-01
9.865023962981520622e-01
9.873952282129827562e-01
9.886967346639233822e-01
9.897567940308306111e-01
9.905598633828721633e-01
9.912866249094491877e-01
9.914341272887132739e-01
9.914886528226384277e-01
9.916379539476092297e-01
9.916212497875960263e-01
9.911083161795687380e-01
9.902340470355449620e-01
9.892421469378450682e-01
9.881661223110970171e-01
9.866743730465333817e-01
9.849367596055400575e-01
9.820900066391450300e-01
9.774114451623711064e-01
9.701838200870317452e-01
9.606358774960269686e-01
9.507348677813165505e-01
9.398913725231394789e-01
9.290216934268653581e-01
9.184761799257376014e-01
9.089473876117895035e-01
9.051711505788093692e-01
9.002279905919858827e-01
8.975484007799700015e-01
8.984130216538466218e-01
8.982884064566599713e-01
8.890713140222548105e-01
8.815058088260786517e-01
8.716808066345417272e-01
8.704684799625229674e-01
8.713630024743902469e-01
8.827463239621760049e-01
8.969605715147506153e-01
9.240675544311646172e-01
9.460653569570013355e-01
9.602447156474149814e-01
9.699174408667130542e-01
9.749618697019198921e-01
9.792035705156701964e-01
9.837549647225949379e-01
9.866619185700056249e-01
9.887290729196320793e-01
9.903871696512147604e-01
9.915945258895187964e-01
9.926327651805506580e-01
9.932038186422916803e-01
9.936751949152354824e-01
9.938982221963357233e-01
9.939516440138121967e-01
9.939794637557416435e-01
9.941261868754118769e-01
9.941058012963900348e-01
9.941260236150575302e-01
9.941771049091967516e-01
9.942393301468250844e-01
9.942718073460707906e-01
9.941142332689222316e-01
9.939685670592448563e-01
9.938634956609019300e-01
9.937496954445509401e-01
9.938222693236651306e-01
9.939926347102283621e-01
9.942435555989816987e-01
9.942676233445438827e-01
9.943333683841668602e-01
9.941001536696271179e-01
9.939847074915669767e-01
9.939491591251422564e-01
9.938544049540659620e-01
9.940036672365603065e-01
9.939762034295325233e-01
9.941959832749134307e-01
9.941773496022836554e-01
9.936931766941351496e-01
9.933200271453095365e-01
9.936657676879616652e-01
9.941215519497315078e-01
9.943812235167690528e-01
9.939586461643519222e-01
9.932666114761226073e-01
9.930545194350746119e-01
9.933182814169468910e-01
9.936816671881548713e-01
9.942652110270029375e-01
9.943546823417844793e-01
9.936406067088877636e-01
