8.283145967356146944e-01
8.262776610271466149e-01
8.215976190109991473e-01
8.081159120749454861e-01
7.990044656039690940e-01
7.866527104387437408e-01
7.798594746370332009e-01
7.887329483685644460e-01
7.904590643243623038e-01
7.853524382611565269e-01
7.776734140988423860e-01
7.711627372891222132e-01
7.603228132074526524e-01
7.461693666631289412e-01
7.320717409431228839e-01
7.142126535565218592e-01
6.895298249107320032e-01
6.632536081398100469e-01
6.389572997042510805e-01
6.190170102011414155e-01
6.040949421112485895e-01
5.939368641171810514e-01
5.886767284126677158e-01
5.886406210282845164e-01
5.831621018854566962e-01
5.838262603682033980e-01
5.914147139615782978e-01
6.028546875898562751e-01
6.106207424844209974e-01
6.192263588119355511e-01
6.279552061406004082e-01
6.386095843875696509e-01
6.504904587211638445e-01
6.637177403161050870e-01
6.768882833286776757e-01
6.845949112012041926e-01
6.911676901402979967e-01
6.949430743069346939e-01
6.974926866331271347e-01
7.013246552552385715e-01
7.110185543373283013e-01
7.246708158448152970e-01
7.381540153392894821e-01
7.500664788622410928e-01
7.617040058381656653e-01
7.749196899839408958e-01
7.868387381101309419e-01
7.953448250682474407e-01
8.086878282842276944e-01
8.133479236406805368e-01
8.183449113939376129e-01
8.220478160905929643e-01
8.172840301748284242e-01
8.088861588972953154e-01
8.026015617083055442e-01
7.968927232909427394e-01
7.902024878324606094e-01
7.868346512193890030e-01
7.823092830148214993e-01
7.860172700615273289e-01
7.881229144696267896e-01
7.996609125347816649e-01
8.088351622762693927e-01
8.096587231550740338e-01
8.021411571254717376e-01
8.175512271436579104e-01
8.432724006414396012e-01
8.584512690200798435e-01
8.617443718310507927e-01
8.551154457385088392e-01
8.444498348053078862e-01
8.275394826430494399e-01
8.140903569474656765e-01
8.060066763110907972e-01
7.985842568593025659e-01
7.908447894904604425e-01
7.854553777109566370e-01
7.767386268063591892e-01
7.672779042452930742e-01
7.572277354263038385e-01
7.560603185736333165e-01
7.580321274359619332e-01
7.562688643545596445e-01
7.530311327057696014e-01
7.413992535712068399e-01
7.299416918556427269e-01
7.234514759362709047e-01
7.138021349869468901e-01
7.112941035140768475e-01
7.037540876449130955e-01
7.008664186103717997e-01
7.001714912537733149e-01
7.017628475204567007e-01
7.044607104176308088e-01
7.048589070157789127e-01
7.032282509941012449e-01
7.065610047615941136e-01
7.121636162612697829e-01
7.181457586337615107e-01
7.270874745533232320e-01
7.334366961508059779e-01
7.385450224549263698e-01
7.418900082171664412e-01
7.445011892480767335e-01
7.456059941180027684e-01
7.475575351985355166e-01
7.499546606919412772e-01
7.515723491344078466e-01
7.520518007325632803e-01
7.504823158883991985e-01
7.510218140321376357e-01
7.544286393187226158e-01
7.527713794906809586e-01
7.523574966553060461e-01
7.548017076130658642e-01
7.519325823896845229e-01
7.513157666514272970e-01
7.456411061392740347e-01
7.393130942019670027e-01
7.504687694022800226e-01
7.483940757550845424e-01
