6.163196780002588859e-01
6.457487971435910135e-01
6.794028606009712146e-01
6.901993726360818870e-01
6.925978780634626242e-01
6.865372962646281163e-01
6.806916407148513315e-01
6.683692869016819582e-01
6.601799958432452708e-01
6.447298465434383452e-01
6.347735928778331926e-01
6.351784415779583304e-01
6.389124336408396054e-01
6.266472604621166065e-01
6.168150250407599122e-01
6.070703551841855061e-01
5.870961715789710933e-01
5.791395902218945402e-01
5.690400347081790988e-01
5.673505328914489887e-01
5.642200124759989555e-01
5.605557492871845460e-01
5.611198755808675109e-01
5.616902654876713141e-01
5.636617877839952273e-01
5.581144905326896888e-01
5.519555434239190594e-01
5.501542206487854969e-01
5.522590490943516395e-01
5.609009795889058347e-01
5.753356570719024843e-01
5.910000930354932791e-01
6.083647977369538440e-01
6.234828051877044919e-01
6.393964863734892257e-01
6.465169125287176799e-01
6.443772616465968106e-01
6.383853608574349137e-01
6.322734526746034422e-01
6.192010398336805777e-01
6.078773404316064610e-01
6.032187387846505988e-01
5.987481504506410035e-01
5.962283837017424704e-01
5.955569810690515276e-01
6.030024856548412693e-01
6.294460889714801333e-01
6.612281893183850068e-01
6.913497168804642046e-01
7.187799143657450651e-01
7.382816546311217198e-01
7.525491466075853175e-01
7.549807514362182337e-01
7.522898462656356644e-01
7.413790022249407974e-01
7.249068446009750977e-01
7.058845851457173914e-01
6.932684198808177767e-01
6.871062172118010958e-01
6.781941153695671964e-01
6.864218133679391709e-01
7.007026324904923609e-01
7.136485539333056183e-01
7.332611996041153990e-01
7.587534124628997345e-01
7.792641421895479814e-01
7.900695342500090312e-01
7.928115425244562919e-01
7.704018345781660226e-01
7.511718916973179061e-01
7.323525735640845635e-01
7.106408408523843256e-01
6.924704468017374159e-01
6.743228343602915009e-01
6.643244393815691540e-01
6.575772823601758743e-01
6.636180998075611459e-01
6.718923114071470026e-01
6.716803130904616115e-01
6.774932838217930797e-01
6.823047274763009984e-01
6.803360943017929818e-01
6.851599797720843155e-01
6.925230748201330888e-01
6.967822346348012674e-01
6.932606912649520448e-01
6.914904507624913821e-01
6.866819188932549167e-01
6.816107542780487361e-01
6.750428451016643461e-01
6.760023610212815282e-01
6.723419485106132409e-01
6.658942539396364158e-01
6.641524724097550569e-01
6.644279213759293201e-01
6.631810085680391875e-01
6.637285678656759114e-01
6.652900940675077202e-01
6.644617670045145363e-01
6.599661862274497359e-01
6.599864205502378178e-01
6.539565232076843815e-01
6.411852121437207064e-01
6.358341481998462941e-01
6.197616616805241563e-01
6.177445558611299736e-01
6.124188979790635701e-01
6.007122238018044458e-01
6.072592077838934177e-01
6.011653033152123404e-01
6.014214902619754444e-01
6.036269460098148132e-01
6.081931120986622252e-01
6.076630899153949716e-01
5.987656317574893139e-01
5.912594255030148016e-01
5.800338080858132850e-01
5.784426627259617870e-01
5.625403884602543370e-01
5.518673569786727295e-01
5.542209725697052614e-01
