7.007698668985014034e-01
6.739524271994398186e-01
6.512039240258352679e-01
6.425207182316264864e-01
6.366339115832555517e-01
6.324771993426382410e-01
6.233897099072426284e-01
6.258865969930492712e-01
6.275444239904542920e-01
6.219319219292868128e-01
6.200727131665465519e-01
6.195206568867758223e-01
6.158808739238152974e-01
6.113186500546011759e-01
6.073342846406802886e-01
6.031801744165811163e-01
6.002976074921135829e-01
5.973568049980547690e-01
5.943431085491174271e-01
5.884109275995524913e-01
5.803793426447629855e-01
5.743815583364683119e-01
5.683684288364341253e-01
5.632356572301835396e-01
5.594500645312039389e-01
5.570028218547682375e-01
5.553291561304961599e-01
5.550063721628679669e-01
5.571933681618799206e-01
5.610390880345598186e-01
5.644968255127866819e-01
5.661573766174361477e-01
5.645347018368577219e-01
5.627845078753741515e-01
5.624338706499616425e-01
5.669874934337241212e-01
5.780098514385907382e-01
5.995649727646660265e-01
6.315829048332465279e-01
6.732633729349095653e-01
7.174112866729788207e-01
7.555316820123199051e-01
7.888545087042987403e-01
8.182712081271169557e-01
8.417557212693960178e-01
8.586289544659925221e-01
8.711546952263354848e-01
8.788126934912783295e-01
8.825478051095950738e-01
8.810520143093237833e-01
8.767553903973345220e-01
8.685240891538972274e-01
8.553685163272913838e-01
8.385610714894170536e-01
8.173378591319732100e-01
7.922314776458645458e-01
7.721002972185552204e-01
7.568169767952112048e-01
7.492036419578974593e-01
7.469023923785168551e-01
7.461184802100810920e-01
7.430526186539764266e-01
7.385979894277816538e-01
7.332748444307802815e-01
7.297463466555481615e-01
7.299318353930506209e-01
7.427446190700863760e-01
7.707852765846043841e-01
8.042639037334171626e-01
8.343397404825722008e-01
8.525375399871326643e-01
8.627647075827806766e-01
8.691674693168364163e-01
8.698802718847996607e-01
8.644936575324746464e-01
8.537698217438437487e-01
8.390544452930112085e-01
8.213766216807217857e-01
8.041140702444342647e-01
7.852249376069544429e-01
7.689019602245501517e-01
7.533721780561829506e-01
7.386889331502863865e-01
7.278517814462944768e-01
7.200435510990282895e-01
7.201446580555995736e-01
7.190595439974364345e-01
7.161704246387723405e-01
7.093300278240985968e-01
7.037791631235682521e-01
7.001492606808639163e-01
6.939349299616982547e-01
6.874981756289642032e-01
6.806758249019597695e-01
6.735852693409246639e-01
6.701196942542815282e-01
6.693368878315730797e-01
6.705204164474768413e-01
6.686723302443212669e-01
6.635636747273949698e-01
6.534297189620723589e-01
6.478572751992622836e-01
6.453560373237147152e-01
6.446741356780381071e-01
6.436617590413130641e-01
6.413453850767273368e-01
6.332710425923289144e-01
6.221394319385015192e-01
6.080794138923188985e-01
5.944158104527486053e-01
5.833000897801389195e-01
5.720200879403268823e-01
5.591006835469262137e-01
5.422195194743847368e-01
5.207364010995376713e-01
4.963391226950378821e-01
4.733734923830335006e-01
4.552399491300288537e-01
4.429981188208205745e-01
4.368400230370104720e-01
4.359249536480194198e-01
