9.877973529293238020e-01
9.889427694656819368e-01
9.894696970497055544e-01
9.888006819896548727e-01
9.886504135898616097e-01
9.874528265552307005e-01
9.869445719869721634e-01
9.872586174273955129e-01
9.874410912595117384e-01
9.877578096143608821e-01
9.883429412866014951e-01
9.884582701938170457e-01
9.884208832725057681e-01
9.881302438094986540e-01
9.879843449499267072e-01
9.874698039797398241e-01
9.875049969463839394e-01
9.870929587406467309e-01
9.864558724694149072e-01
9.857269222018033572e-01
9.852131638988229634e-01
9.843794942710919482e-01
9.840380928205105793e-01
9.837855571454512393e-01
9.836344726701186092e-01
9.840944813695441384e-01
9.841469147671685347e-01
9.848615308946456759e-01
9.855771889307741729e-01
9.862055439442111160e-01
9.868868305510088978e-01
9.878637041575674127e-01
9.887976019865419852e-01
9.900315998550897056e-01
9.911315810284536676e-01
9.918988639916143102e-01
9.923749102177230608e-01
9.925264613987420104e-01
9.926015982585238984e-01
9.927510607038579904e-01
9.927434471384273262e-01
9.923676864623439675e-01
9.917109268864270355e-01
9.909766949120246693e-01
9.903441360180295083e-01
9.894579328546448949e-01
9.882556522807163235e-01
9.862215864329650916e-01
9.831092863062890208e-01
9.776573084256289237e-01
9.710945840748926861e-01
9.643674787152473060e-01
9.577571082795025559e-01
9.508691116150972400e-01
9.441554914472715110e-01
9.390798250484980736e-01
9.383930975751396675e-01
9.368039764042310757e-01
9.352317317545980613e-01
9.352597044744423993e-01
9.344802066366106885e-01
9.265007382336339914e-01
9.215568055230721756e-01
9.144727058412946974e-01
9.127620873280332114e-01
9.129551790004959422e-01
9.192944542223092652e-01
9.289194060595528102e-01
9.488068615718593390e-01
9.632771923839252848e-01
9.720900907096992061e-01
9.778848291854792540e-01
9.817127555719867837e-01
9.844517259637377560e-01
9.872381209186080753e-01
9.894659013882467491e-01
9.913094725435364074e-01
9.924444456973774420e-01
9.932132333523988610e-01
9.939190214097409770e-01
9.943891802208049135e-01
9.946724271327835876e-01
9.948125352571054458e-01
9.948220360176646127e-01
9.946840095710598462e-01
9.948770727087125065e-01
9.948659058277318223e-01
9.949590587734405966e-01
9.949073245728662362e-01
9.950138729229306422e-01
9.951131343755235115e-01
9.950735973133396639e-01
9.949183005006154712e-01
9.948774543680228843e-01
9.947910036835457825e-01
9.947390916006079165e-01
9.950187206779065319e-01
9.951924434213196280e-01
9.951921091376846329e-01
9.953089623904535221e-01
9.950608690562053882e-01
9.949956933458674602e-01
9.949758477714131244e-01
9.948675301111997715e-01
9.949013774103502294e-01
9.947878522042924443e-01
9.947003156215655784e-01
9.947825836701355007e-01
9.940585435427932159e-01
9.935353011516475652e-01
9.938383456606341149e-01
9.941658483728226248e-01
9.943499958952557449e-01
9.939219196492878883e-01
9.932461881779097723e-01
9.925748144966575204e-01
9.932830113315767040e-01
9.933616257522347448e-01
9.935070880699057305e-01
9.935958956694299626e-01
9.935480521629288519e-01
