9.501820702466668989e-01
9.580502825566259428e-01
9.624984264094716968e-01
9.601501490629850144e-01
9.558445222399084562e-01
9.462860612378855008e-01
9.394518533636448954e-01
9.387578455621600204e-01
9.363241517507295830e-01
9.384338535771845624e-01
9.433017637415161971e-01
9.402810289354145423e-01
9.367853403595027828e-01
9.349294366755370733e-01
9.326439312120882175e-01
9.278258751626575762e-01
9.228181370979111620e-01
9.210827918855397645e-01
9.222010726828430149e-01
9.280429933771405793e-01
9.353778636688391268e-01
9.406409732592794226e-01
9.427409148841382480e-01
9.466094006704579567e-01
9.490045736150493072e-01
9.514626445827495393e-01
9.527741516154734081e-01
9.552317916712310675e-01
9.576129349899523691e-01
9.603442523933902741e-01
9.619992730634197020e-01
9.640565491782233654e-01
9.657347519142089887e-01
9.667227413036866279e-01
9.678302865340188132e-01
9.677706355742486943e-01
9.665122703325736975e-01
9.644363066271232077e-01
9.618291607898672435e-01
9.606490188724859935e-01
9.584748612626287079e-01
9.573639694871310946e-01
9.579047493520506107e-01
9.574378930634016571e-01
9.566916880879150487e-01
9.573792147431793298e-01
9.568877483913994508e-01
9.563085176516170627e-01
9.560638150713661743e-01
9.559928514206410544e-01
9.566603263919433164e-01
9.539850130167306652e-01
9.498478682218078895e-01
9.470113140462598222e-01
9.375707486757690612e-01
9.303292509099684304e-01
9.224098185272213701e-01
9.115972553336071371e-01
9.035397004418794786e-01
8.951872779600064112e-01
8.948984610153997155e-01
9.038809512342623753e-01
9.136211957315961696e-01
9.211708748774704025e-01
9.301930304729985055e-01
9.385340552482032139e-01
9.437716574688501669e-01
9.510142565952397486e-01
9.504176586900747736e-01
9.510598354307027158e-01
9.528042628010074955e-01
9.537076635181672701e-01
9.541467822025477830e-01
9.528965303693676114e-01
9.544081231237608876e-01
9.527099210196875445e-01
9.509355812245660067e-01
9.494727103989196726e-01
9.460537449100369090e-01
9.454445230348367257e-01
9.442661534135723400e-01
9.423154623022041987e-01
9.424535833278082642e-01
9.450749532048458024e-01
9.434412358941384191e-01
9.406692655309162321e-01
9.416606283415973611e-01
9.410625270460298841e-01
9.421651208327683769e-01
9.415876316960608561e-01
9.425802863358636596e-01
9.412943273146773260e-01
9.431227653920759568e-01
9.421282582138740258e-01
9.419855219242063704e-01
9.426581413897555661e-01
9.454386152349038008e-01
9.457137138034397150e-01
9.447732956613921207e-01
9.437920981484215766e-01
9.413221879651024748e-01
9.364940327240025564e-01
9.336770707373940326e-01
9.327366725544462556e-01
9.322509338615531105e-01
9.298064721822140166e-01
9.261393762775266270e-01
9.286317264689868400e-01
9.305737453542872739e-01
9.313705837405381605e-01
9.291513780429933034e-01
9.280220349332460872e-01
9.278137215091669665e-01
9.260180577372836286e-01
9.245105760194936018e-01
9.213138208478756086e-01
9.293435265957904479e-01
9.301152924919153797e-01
9.236909156547076227e-01
9.260767689080633414e-01
9.208373895341921411e-01
