9.820342622830789958e-01
9.816369411598413475e-01
9.728762258274046282e-01
9.640755213227686360e-01
9.553262560737901810e-01
9.539589944613077188e-01
9.567047064416936974e-01
9.633733292970575457e-01
9.667028946977284098e-01
9.655926363787145084e-01
9.728337614357381868e-01
9.749895051675172564e-01
9.757987722408668629e-01
9.776700550706454163e-01
9.809316071191046538e-01
9.822914111378625579e-01
9.833275673503635295e-01
9.833474339117709295e-01
9.831649572714221685e-01
9.833731455499278296e-01
9.836688220310175756e-01
9.837939643869674233e-01
9.843263974159922602e-01
9.849178481263675122e-01
9.855052368672637675e-01
9.858323710734079315e-01
9.861004536519902830e-01
9.860504193089988378e-01
9.860789651826731284e-01
9.855420776028680496e-01
9.852497526217696144e-01
9.848178421851578879e-01
9.843915153142622776e-01
9.833142879977724293e-01
9.821003952846164564e-01
9.804675924486006000e-01
9.786850404192288799e-01
9.765360666945622770e-01
9.733843504139455538e-01
9.686668107580584941e-01
9.618952558501109307e-01
9.566859444687099145e-01
9.524221021161782819e-01
9.477686161951249799e-01
9.459208798381024685e-01
9.446791462568706610e-01
9.435768598574205690e-01
9.438296419627749678e-01
9.460565481333105264e-01
9.482381950567095874e-01
9.512575241653896674e-01
9.544887776232429122e-01
9.540779677068534914e-01
9.531875131077595098e-01
9.508186036524690632e-01
9.487739282460992962e-01
9.458924243527148112e-01
9.445603562650471963e-01
9.422721479768583208e-01
9.403655659801128941e-01
9.369582692680205049e-01
9.434089127957688836e-01
9.520597249777001947e-01
9.550135296339088420e-01
9.557962425091521830e-01
9.577175369759436396e-01
9.621762987500559472e-01
9.632441546770978968e-01
9.598933031170348018e-01
9.523905602527285019e-01
9.414432679382886970e-01
9.263033361128580889e-01
9.101229883952385302e-01
8.994094258163578548e-01
8.957561335933929003e-01
8.959011091280263406e-01
9.012932413161999223e-01
9.091610362811247681e-01
9.142908440712207430e-01
9.255550558046746756e-01
9.382400460195687852e-01
9.505493698111017187e-01
9.599204615088062775e-01
9.667453741552324287e-01
9.703684025789004464e-01
9.708521232764399933e-01
9.676860343963187283e-01
9.651966690361860612e-01
9.690126054318672910e-01
9.723124023662969018e-01
9.733488854604570584e-01
9.757278058716500890e-01
9.782319580743087384e-01
9.806786833917614521e-01
9.821873917720697067e-01
9.827772752808513479e-01
9.829433787110307685e-01
9.833276747505916848e-01
9.833809554193593261e-01
9.833629164485081509e-01
9.829449701828981700e-01
9.820229694642208518e-01
9.810543171797423412e-01
9.802561674252437962e-01
9.792145706011022854e-01
9.780829318681326656e-01
9.775467935135646602e-01
9.755592271512996128e-01
9.728018064612929949e-01
9.700678847213271006e-01
9.703468106021853057e-01
9.706084830699156507e-01
9.691975643911125982e-01
9.678048786937769599e-01
9.666961400015083861e-01
9.691222981870294406e-01
9.702359885843260257e-01
9.717464075503353671e-01
9.710684171288652689e-01
9.729052618565648958e-01
9.689865110922516456e-01
