6.163648648342741065e-01
6.135266651446079633e-01
6.301881059242872007e-01
6.339137938057483046e-01
6.377615907214851942e-01
6.331348760768287232e-01
6.289230559445362356e-01
6.149193484664985387e-01
6.041979757918719551e-01
5.957651321959966939e-01
5.859724898067838472e-01
5.830471393636462718e-01
5.829308693185851764e-01
5.789046320730183437e-01
5.683137808988374395e-01
5.522668740194985881e-01
5.383489824880777208e-01
5.370108048748940544e-01
5.405980936705343520e-01
5.488715531122262403e-01
5.532664605001341718e-01
5.520965228308426509e-01
5.519419875203379622e-01
5.492914308368013199e-01
5.452109358826381369e-01
5.381996767013518257e-01
5.327660225052877063e-01
5.296363041944686101e-01
5.267868729390930982e-01
5.270754252295314357e-01
5.309039997646024522e-01
5.377901635067421360e-01
5.458304992677931455e-01
5.484217782414015918e-01
5.514761028859254122e-01
5.508133134360176930e-01
5.468468598747177056e-01
5.432706968397721381e-01
5.401914212544449700e-01
5.371423240890575990e-01
5.399944543597787749e-01
5.487001650978378109e-01
5.581207388183571094e-01
5.615684675500853817e-01
5.662546518395257245e-01
5.763785032124020269e-01
5.940051872396667765e-01
6.136752757255425905e-01
6.363485975665361671e-01
6.596565366923776708e-01
6.789637064758601293e-01
6.912099261558061203e-01
6.969636135768783047e-01
6.983435582028526545e-01
6.940642799118929007e-01
6.855351604906102514e-01
6.765517736772684865e-01
6.673694452696520285e-01
6.611874694710342393e-01
6.533887931673378890e-01
6.492043010592429830e-01
6.535971604570508520e-01
6.645729865567061578e-01
6.804176989501811157e-01
7.051518012929618440e-01
7.247187511744900279e-01
7.426259414901827949e-01
7.520347081206930628e-01
7.303283773866831030e-01
7.138267428704951900e-01
6.966612182985301160e-01
6.744243869576449502e-01
6.597780361729466136e-01
6.439326480973968092e-01
6.325246223241672849e-01
6.184939949740719811e-01
6.056513956303961610e-01
6.008724176387748583e-01
5.946430090627804477e-01
6.026313924403989830e-01
6.108329875562802380e-01
6.077724822370383917e-01
6.074215008356026457e-01
6.116588401060087943e-01
6.118858813174149480e-01
6.073462221247031279e-01
6.023275768163893762e-01
5.970371779934781076e-01
5.921109589283178876e-01
5.850202013321355032e-01
5.830912288798333343e-01
5.828724170375598757e-01
5.813066674148517077e-01
5.817330490093314266e-01
5.825032989613546652e-01
5.783179703160762353e-01
5.798460844325834529e-01
5.815065776711180190e-01
5.807364835466160002e-01
5.748399904837631080e-01
5.723666662243265257e-01
5.696251670224370400e-01
5.670032658640896672e-01
5.724257194696709128e-01
5.663679545371197444e-01
5.654478296468389287e-01
5.644675544337558470e-01
5.592457838260461722e-01
5.696937615402888344e-01
5.713543956913814670e-01
5.636713370845364279e-01
5.549100765601163721e-01
5.549312025214864219e-01
5.600776027817311320e-01
5.574347504199591574e-01
5.495857938701476098e-01
5.441364099040214564e-01
5.546845260164606772e-01
5.557462155380430424e-01
5.541133087999600138e-01
5.590830594048338265e-01
