9.094376936683938872e-01
9.068858501399655880e-01
9.001799264942556000e-01
8.968091811806258029e-01
8.930491795328079352e-01
8.890286710526988934e-01
8.851412825617330782e-01
8.803279349021785327e-01
8.756170774060116901e-01
8.740002206458431511e-01
8.743345875935254474e-01
8.816593750274767105e-01
8.834215630146636800e-01
8.841843179584571999e-01
8.860483937400451815e-01
8.855317110523800439e-01
8.921486328620836792e-01
8.925794558665720579e-01
8.869260415537637554e-01
8.804737372950015573e-01
8.750107703780815038e-01
8.686023165380462041e-01
8.600075807409531814e-01
8.540611992685583909e-01
8.496421331419449219e-01
8.471854828940990068e-01
8.447818997196866464e-01
8.450226981003819970e-01
8.466179483661381289e-01
8.491749970549492543e-01
8.515107717713926716e-01
8.545501520904750237e-01
8.617041587050917606e-01
8.737575264447957624e-01
8.856636260774469749e-01
8.974544354844903316e-01
9.072542560884236940e-01
9.139960646721997373e-01
9.196933219615545108e-01
9.246065331620859640e-01
9.291452963264187348e-01
9.328619999644089944e-01
9.361083064802232512e-01
9.398487535475334997e-01
9.424088852499213909e-01
9.424585956845379364e-01
9.431477815448489066e-01
9.429673891660333984e-01
9.412541255271539287e-01
9.358414952830838018e-01
9.259597619868740193e-01
9.149971516312398467e-01
9.011060070358969387e-01
8.878340213262444491e-01
8.726642180280058669e-01
8.587128055912003344e-01
8.520728385612668099e-01
8.359974922625357241e-01
8.207089959980936600e-01
8.064511604598322281e-01
7.924294479669742319e-01
7.836070810432378408e-01
7.837154204926662926e-01
7.808361044413121288e-01
7.779176380964983872e-01
7.909424662842879927e-01
8.171775002376970853e-01
8.484145123159709811e-01
8.863145245833486952e-01
9.138359117590424407e-01
9.292591403308382292e-01
9.405720884547145166e-01
9.480445152294346700e-01
9.529336474085370323e-01
9.560240051852165744e-01
9.593487455467998304e-01
9.619518236447183179e-01
9.635381386072029430e-01
9.641032719124997818e-01
9.649675311820016255e-01
9.640398506297144232e-01
9.633118536594794667e-01
9.621482161211818429e-01
9.607454196552943637e-01
9.587400759478782453e-01
9.572671168865274360e-01
9.554131016176252711e-01
9.542257219245009470e-01
9.536367288445546375e-01
9.534158001341973554e-01
9.547231844772362530e-01
9.552747875165871205e-01
9.554035901719729607e-01
9.560804823950354026e-01
9.566427854809532727e-01
9.578186947511959648e-01
9.594377021090723101e-01
9.600648775748840125e-01
9.596865453771407095e-01
9.600713126679463194e-01
9.599197695698380439e-01
9.598274799459247664e-01
9.583351145669161131e-01
9.575820271394641647e-01
9.573811281656812167e-01
9.576198522124363954e-01
9.579331166409199572e-01
9.574765447072729474e-01
9.558456996685937845e-01
9.559478025489155373e-01
9.585658350593989629e-01
9.609117196865485377e-01
9.618512292994537694e-01
9.617876856903380123e-01
9.630365895142708466e-01
9.659529906206463234e-01
9.680551277415626599e-01
9.676805376236767842e-01
9.690435529880138121e-01
9.704198622570258115e-01
9.709926660952057365e-01
