9.832061018305304767e-01
9.824033818672101015e-01
9.822870120068837307e-01
9.835652396206145953e-01
9.832871128188427345e-01
9.831186342378462895e-01
9.830050224629923727e-01
9.823984777645127231e-01
9.823046656138039179e-01
9.821926907787815741e-01
9.824772899568261497e-01
9.834122409310969148e-01
9.845215508575037022e-01
9.848857531053519798e-01
9.852831969985992311e-01
9.857228769566859228e-01
9.859465791088755093e-01
9.860222643416903798e-01
9.866008361537481619e-01
9.875251970061099671e-01
9.883186854124870191e-01
9.889219944850139443e-01
9.894181793905790778e-01
9.899020160289463410e-01
9.905366782641926715e-01
9.911466542476193853e-01
9.917531555088963113e-01
9.921696067165609589e-01
9.924434355297315768e-01
9.926991263644959762e-01
9.930096300861472880e-01
9.932348919981444091e-01
9.933606801475086678e-01
9.932649746596370344e-01
9.929714811558006948e-01
9.926316954350944410e-01
9.924240748126016420e-01
9.922900132807532803e-01
9.921694382035961546e-01
9.919850913038097406e-01
9.917629956839699723e-01
9.915166405392225046e-01
9.914679777565352792e-01
9.914688741363508750e-01
9.913077172262404479e-01
9.909043121827323386e-01
9.906999845791338855e-01
9.900716985005443282e-01
9.888703746460102417e-01
9.870209415965033317e-01
9.847741705395719469e-01
9.817324531868811821e-01
9.779746917451651589e-01
9.735482237082745405e-01
9.686937821680989824e-01
9.636720691813251971e-01
9.597119572812803368e-01
9.569600837160711082e-01
9.559039479044447729e-01
9.554798040116042612e-01
9.550193999436131786e-01
9.539306971970558102e-01
9.530918265026648850e-01
9.525421889826207744e-01
9.531915620915129006e-01
9.548309859046301140e-01
9.581406785574686502e-01
9.630163023237685582e-01
9.692623489551515092e-01
9.754137465305696697e-01
9.805259913377318837e-01
9.843071688831919186e-01
9.872050198291332235e-01
9.890783787287459328e-01
9.904858007252346219e-01
9.913459687313341817e-01
9.917445808591573986e-01
9.919122711018552030e-01
9.920051216940060090e-01
9.914437369708453129e-01
9.908288811757519632e-01
9.906769358331558584e-01
9.904673121726328411e-01
9.902176163067203385e-01
9.900997718583423035e-01
9.906386056881594238e-01
9.909643430263327391e-01
9.912421626279732667e-01
9.912133241707207221e-01
9.911937026111986571e-01
9.911901420195852186e-01
9.911134397707833665e-01
9.912279968907495853e-01
9.913725402351569738e-01
9.913868790312331258e-01
9.913245730918983645e-01
9.914010656852845216e-01
9.915660610548102660e-01
9.916290334901984860e-01
9.917059168423461024e-01
9.917656876888000239e-01
9.917994450722259492e-01
9.917833541397371722e-01
9.916317369052803921e-01
9.916121050655685165e-01
9.915052696325857839e-01
9.910196438664632401e-01
9.904678364420085313e-01
9.903298682400163422e-01
9.906365321449546180e-01
9.907349957799974627e-01
9.905930835837222226e-01
9.907790585666561567e-01
9.909829096492354106e-01
9.912583855748129391e-01
9.916097523276299341e-01
9.920317162856823190e-01
9.924824287536151424e-01
9.927857768944908790e-01
9.930595255735512605e-01
9.931127870482545639e-01
