7.764031842678889017e-01
7.881598381895383865e-01
7.893547494326499381e-01
7.809883686045485662e-01
7.772823427987974876e-01
7.616785004014315907e-01
7.578104162201242389e-01
7.763053376241134673e-01
7.937270272369896240e-01
8.047111223164996607e-01
8.158416589055254020e-01
8.262762182293917901e-01
8.356951714701428280e-01
8.493732339128924336e-01
8.572939683486704432e-01
8.587032512805133910e-01
8.628160711491272838e-01
8.640343498392494270e-01
8.632010965494916199e-01
8.637405876951331773e-01
8.655141814869550254e-01
8.659083903573318031e-01
8.672649821899770517e-01
8.701938820729080426e-01
8.744556307719431043e-01
8.777982377958544191e-01
8.808213431593777676e-01
8.838522703730894436e-01
8.856786731202225260e-01
8.873930265509282211e-01
8.897065215661353887e-01
8.892568143893677668e-01
8.897685815730124181e-01
8.894870833022461287e-01
8.888623551427277114e-01
8.851814511815111475e-01
8.807359375431651483e-01
8.764545931171457971e-01
8.676328412630314180e-01
8.587291824530635109e-01
8.497258653645227700e-01
8.453968234317675856e-01
8.410161275553141857e-01
8.381240172706666547e-01
8.333393511492872552e-01
8.320209789560918390e-01
8.300070877808111147e-01
8.292519341983762837e-01
8.322036756572172012e-01
8.328323144828230218e-01
8.369255452529907879e-01
8.409855104944754522e-01
8.401270338439779106e-01
8.367132473708577267e-01
8.318633408792447392e-01
8.290319225593338892e-01
8.245469593899360516e-01
8.226633228827591182e-01
8.195218017025370782e-01
8.143541475395748019e-01
8.080010743389937078e-01
8.159816115902830402e-01
8.323782648970604603e-01
8.412735170148991637e-01
8.423395986417122616e-01
8.498159620844085715e-01
8.587123574694217609e-01
8.630215874598500259e-01
8.593498971287145682e-01
8.536312837352352245e-01
8.427363371592622165e-01
8.299107010125226225e-01
8.168340599985344230e-01
8.099679376697576094e-01
8.067917124079592162e-01
8.042112923656906665e-01
8.049194507021323330e-01
8.119171182806397269e-01
8.191422081890437079e-01
8.273890263328117500e-01
8.373888374465020545e-01
8.488888458382632951e-01
8.569711663742940466e-01
8.620855259674020665e-01
8.659611710620794822e-01
8.621759699937935340e-01
8.607857404029126691e-01
8.616142583174263292e-01
8.661313643412626995e-01
8.691897787357928395e-01
8.670570368180677834e-01
8.689915753816669364e-01
8.701075969791008946e-01
8.722808276000475480e-01
8.736675314508224321e-01
8.752801211609536614e-01
8.754502966672135233e-01
8.753458363366067863e-01
8.747639850963253583e-01
8.739153908215161470e-01
8.710657085141354505e-01
8.680341025462662286e-01
8.643664592907963629e-01
8.631162749998456674e-01
8.611910266522303514e-01
8.570466182044488290e-01
8.520667367535789127e-01
8.470448783492584566e-01
8.407152584889814317e-01
8.389866489381894166e-01
8.392793495504449197e-01
8.407016124152967285e-01
8.360570633505591820e-01
8.289717836451266919e-01
8.265837829849486118e-01
8.258939140047694139e-01
8.279240100470285357e-01
8.208840425990199252e-01
8.141604337890495646e-01
7.969608990985349584e-01
7.354588764328660044e-01
