7.953019718300209373e-01
8.059995296406415877e-01
8.043514373358772174e-01
7.976940731875269419e-01
7.950893896894747348e-01
7.823558198498827831e-01
7.805548554285206553e-01
8.000216457702659101e-01
8.217521959867608583e-01
8.345060940261450622e-01
8.478083601239628786e-01
8.645665459686515675e-01
8.800463313292092860e-01
8.966083380079261644e-01
9.093495133380893325e-01
9.161783616151116805e-01
9.232676918307672898e-01
9.260336092852566869e-01
9.272967374165673737e-01
9.277362575242248388e-01
9.284405572168243914e-01
9.281839428337126385e-01
9.289595133296141283e-01
9.298942553162429236e-01
9.306743828028226639e-01
9.300244000698891789e-01
9.303796955043284189e-01
9.299508819958416383e-01
9.292044669587357086e-01
9.284181040391302764e-01
9.280077818525912514e-01
9.267477897093847616e-01
9.260425978290303117e-01
9.243003537388667645e-01
9.224086958396208180e-01
9.188933643496988157e-01
9.145439723187631653e-01
9.101741124946642891e-01
9.018945880059739961e-01
8.942467623798387999e-01
8.860548847062428290e-01
8.827400672242966539e-01
8.797661855981009360e-01
8.767937624032821065e-01
8.738583658145219202e-01
8.727389893159717138e-01
8.701850281187331060e-01
8.707225048224230823e-01
8.732233122493954225e-01
8.751948222410668166e-01
8.803560535250471997e-01
8.854603691502309637e-01
8.854726332085898211e-01
8.854853074928670242e-01
8.829101226817060999e-01
8.819832940601979310e-01
8.794012403134182643e-01
8.772550696567014139e-01
8.737470163730521877e-01
8.693094671042185251e-01
8.628293744915315200e-01
8.727264471904796483e-01
8.863318275131762958e-01
8.918211011790956322e-01
8.921762633461541858e-01
8.944489364429220046e-01
8.983394768940439201e-01
8.998126995419629681e-01
8.951255061285650072e-01
8.890054232228569164e-01
8.780861510053247221e-01
8.633920107899577534e-01
8.486044995196337926e-01
8.410451737186496191e-01
8.386429653513384208e-01
8.371240839799940492e-01
8.372214257180978780e-01
8.438039733101349027e-01
8.509201336381803094e-01
8.574183566360343844e-01
8.669030211736749036e-01
8.786487706742147630e-01
8.871412165018472962e-01
8.922633513200891597e-01
8.958158696061673254e-01
8.938251148209526153e-01
8.928312872748612739e-01
8.931986963228314425e-01
8.982403324111880583e-01
9.023223830301007053e-01
9.013648324864099726e-01
9.044751719072769980e-01
9.083626312565624694e-01
9.128272108187559519e-01
9.159821458480398304e-01
9.177554984896183488e-01
9.194053197739374683e-01
9.207775290881011765e-01
9.211540205279253879e-01
9.199455736246392457e-01
9.171155888712211324e-01
9.140556245705302452e-01
9.107309161966111732e-01
9.082841796255380906e-01
9.060172943477733387e-01
9.016390464124874882e-01
8.971267786366293739e-01
8.929704682227306289e-01
8.861541449968353135e-01
8.838736007681939899e-01
8.830951176262310520e-01
8.837316856972071699e-01
8.781307998375552648e-01
8.719461272740255398e-01
8.701308547296915386e-01
8.686724443322684230e-01
8.718467595091193845e-01
8.665235428991941991e-01
8.571518114116000175e-01
8.331644973950432798e-01
7.654634082546132312e-01
