5.767175932259672733e-01
5.974780883359084305e-01
6.215417082811949268e-01
6.295985274018256472e-01
6.316738482491132123e-01
6.277516207043229990e-01
6.236368680598245451e-01
6.149835777834032902e-01
6.090589050069811217e-01
5.985618541566173345e-01
5.916997530592662535e-01
5.921848299371681446e-01
5.947843875786028578e-01
5.863219327676901793e-01
5.793692864949959720e-01
5.729079599674022916e-01
5.585832858364205844e-01
5.531315712631026393e-01
5.462863754947278050e-01
5.453168954306187866e-01
5.432137938904252339e-01
5.408312168549805898e-01
5.409940319606890702e-01
5.413845206959077005e-01
5.427761714694913087e-01
5.390870711397683923e-01
5.349467736971713627e-01
5.337838473127564098e-01
5.352135727933439169e-01
5.409692145150665210e-01
5.505796153620068356e-01
5.612214256611826046e-01
5.730756260157127135e-01
5.833266153424288003e-01
5.941056118199675717e-01
5.988643782567114604e-01
5.974615022325778790e-01
5.933799670360494494e-01
5.891045743569379711e-01
5.803387619093197669e-01
5.728402678825876837e-01
5.696330101137327961e-01
5.668516444338110860e-01
5.652906928610518245e-01
5.649067525244270138e-01
5.701656912788380938e-01
5.882183157791331940e-01
6.099221349667728331e-01
6.310848168548434112e-01
6.503369035179379365e-01
6.643135140606233335e-01
6.749501804265028992e-01
6.772461773366938997e-01
6.753459412255139460e-01
6.682430120382408800e-01
6.567026012387240375e-01
6.428595518691487820e-01
6.344070826618758430e-01
6.301429399267194364e-01
6.236976551094570720e-01
6.292515858517948590e-01
6.397073237471464502e-01
6.492293081931901355e-01
6.630652958017343446e-01
6.817384142843379013e-01
6.968535465826477537e-01
7.048868752761430212e-01
7.076102361595791868e-01
6.904945435251224062e-01
6.766740050630952741e-01
6.626831053068110711e-01
6.460392924422643235e-01
6.326500177896879906e-01
6.195108851092183677e-01
6.128544870363000774e-01
6.079963008895359344e-01
6.121625677359562312e-01
6.179568955016475629e-01
6.175609326116416886e-01
6.221920006230017286e-01
6.254248218360196621e-01
6.237012429030439620e-01
6.271963966325463380e-01
6.324695432145330809e-01
6.354746539956072082e-01
6.328437934892581218e-01
6.314465941220035461e-01
6.274064814935392809e-01
6.240336628070111136e-01
6.190933942699108350e-01
6.196240742194644158e-01
6.171344705296465394e-01
6.123505302700071873e-01
6.114269318238702011e-01
6.118269502399644733e-01
6.109862137612315225e-01
6.110364799935065205e-01
6.118914421729558795e-01
6.112574851219143568e-01
6.081602670787022991e-01
6.079379870211101267e-01
6.037587051529954563e-01
5.952072803525412237e-01
5.917540985151916733e-01
5.806022312532760354e-01
5.791529491126562457e-01
5.756261101730012486e-01
5.678120020929549039e-01
5.723224588485080755e-01
5.682566912136193249e-01
5.682852922903477433e-01
5.696645570957786786e-01
5.724621539808593118e-01
5.720839067065833783e-01
5.660187583720059923e-01
5.609434963767465643e-01
5.530448875544204945e-01
5.517977543014354058e-01
5.410800949485893296e-01
5.341456988341416467e-01
5.356931795645325511e-01
