9.353953354942379228e-01
9.388468654770091293e-01
9.411834955564432059e-01
9.398889038092946846e-01
9.396428780407412029e-01
9.364710796319485331e-01
9.353011663585294455e-01
9.358389910629264508e-01
9.360360910429744719e-01
9.365697519349180933e-01
9.378760702849006092e-01
9.378941355516581257e-01
9.375479034730839212e-01
9.369011137392491140e-01
9.365024823934801068e-01
9.349730273194282182e-01
9.353233132916175530e-01
9.342971689927175305e-01
9.330449026130140933e-01
9.314314188938833672e-01
9.300228215154776601e-01
9.279009729812605078e-01
9.270551038498946461e-01
9.266234302398513867e-01
9.265458164384668960e-01
9.273931584290290298e-01
9.277555114003229741e-01
9.291602233109640396e-01
9.307181431064802668e-01
9.325299606931051200e-01
9.342150548982952607e-01
9.362716331687169768e-01
9.384473120034215743e-01
9.415828977623391660e-01
9.446031668782175483e-01
9.467533790704533159e-01
9.480627927431428681e-01
9.484352481642007726e-01
9.485317513455536753e-01
9.489575997404254837e-01
9.488363543307939407e-01
9.474897128988847284e-01
9.453331036633113582e-01
9.431337009836774365e-01
9.414503697807543592e-01
9.389354071433376747e-01
9.357793664812175116e-01
9.310265297874434909e-01
9.243853089708977677e-01
9.144758615546915159e-01
9.041406300525568485e-01
8.942240825563778639e-01
8.850060784113519263e-01
8.767246474348726615e-01
8.682364112522158450e-01
8.620570169188913612e-01
8.610402936628143156e-01
8.588921710553933941e-01
8.561292679949004114e-01
8.550191917112324180e-01
8.528756742464140839e-01
8.418373957530671525e-01
8.359945201341116849e-01
8.285926505972213141e-01
8.260913322430391004e-01
8.271856498581219297e-01
8.351333834555966229e-01
8.476600904158895222e-01
8.720332562950016131e-01
8.926406457446556253e-01
9.065197332351430104e-01
9.165533306219262322e-01
9.242869213660659389e-01
9.305005370131279596e-01
9.369305959253070304e-01
9.420992466570564661e-01
9.465620362697423351e-01
9.497561896972801510e-01
9.522138440784346791e-01
9.544254459598332518e-01
9.560347972687168738e-01
9.571699308162483488e-01
9.576565246306442125e-01
9.578048208690760346e-01
9.573733021425605560e-01
9.581719758251050489e-01
9.581610626120138363e-01
9.585249701365653463e-01
9.584685508022720013e-01
9.588159555632743691e-01
9.594326905972401232e-01
9.592913544889036803e-01
9.584332410852193229e-01
9.580698311984611193e-01
9.576548476665424081e-01
9.575931734674514306e-01
9.585714650523518010e-01
9.593674663974404160e-01
9.594545984812030692e-01
9.598059991415426317e-01
9.586879559820797869e-01
9.584672636686963898e-01
9.584846984961568062e-01
9.582466802659704852e-01
9.583901920431541210e-01
9.581004515727632453e-01
9.575426134677937906e-01
9.578508320161767120e-01
9.553981823702083487e-01
9.537467440014720799e-01
9.544592940060392383e-01
9.551153811792775228e-01
9.554611880339938246e-01
9.542188253787829977e-01
9.519290690189962101e-01
9.498027369716195434e-01
9.519782250445462113e-01
9.517294811827828882e-01
9.517108860094561917e-01
9.517629847090425255e-01
9.508532217215069915e-01
