5.786968356886911247e-01
5.769150976075254622e-01
5.871962657976889099e-01
5.898989978763538033e-01
5.929213432428236397e-01
5.899507727441462013e-01
5.869758025402319612e-01
5.774861871595505791e-01
5.704709773590993516e-01
5.647184414569742517e-01
5.580993414320978285e-01
5.561083670512191324e-01
5.560607376011593717e-01
5.533558669726796886e-01
5.460551481101165727e-01
5.350952323123955301e-01
5.256923466641334475e-01
5.247579737214632667e-01
5.271267695702384071e-01
5.327504226973284185e-01
5.356574223074965779e-01
5.349061023614574140e-01
5.347294102938476845e-01
5.329392522603821902e-01
5.301992816519774943e-01
5.255097855117613070e-01
5.218939325326766854e-01
5.197845241180444331e-01
5.178227913333041110e-01
5.180635035985691195e-01
5.207072462345554431e-01
5.253018745021383884e-01
5.306401640372928608e-01
5.323638430528297993e-01
5.344924491303235659e-01
5.340457267423753818e-01
5.313603298841683698e-01
5.289834253633196592e-01
5.269747723634889969e-01
5.249193367851004988e-01
5.268710696304740315e-01
5.327205295344686897e-01
5.391577585323520383e-01
5.415813172486242388e-01
5.448318161212976074e-01
5.518112744185673657e-01
5.637858072252233121e-01
5.773062651521411182e-01
5.929771967062957838e-01
6.093112472689274917e-01
6.228823714741736906e-01
6.312906909063632499e-01
6.350396076238966625e-01
6.360528589167157021e-01
6.335975002533101863e-01
6.277167507434610050e-01
6.214019484218309408e-01
6.148973973997977627e-01
6.107610810511736599e-01
6.052964180963534835e-01
6.022757852768395592e-01
6.052217687852311512e-01
6.128367274814773280e-01
6.236165670906087533e-01
6.416373691687612402e-01
6.559576746440481942e-01
6.687238473928656113e-01
6.763233433215973811e-01
6.604041304959539227e-01
6.486699621441227581e-01
6.361335337364811826e-01
6.202871612899100162e-01
6.101558732924565742e-01
5.987284832291565051e-01
5.904286032537323647e-01
5.806503782173512151e-01
5.718762820987322026e-01
5.687820734150050850e-01
5.644116727550922974e-01
5.699129444152626345e-01
5.755255422629653728e-01
5.735432979340208126e-01
5.733641329125752639e-01
5.760375294901858290e-01
5.759144580739122832e-01
5.728127690010452744e-01
5.692398781287774101e-01
5.653668393755725274e-01
5.622763896719283894e-01
5.572701023203427972e-01
5.558082261892216547e-01
5.556743322566297660e-01
5.544687610177659876e-01
5.548413472751384523e-01
5.554092044486654833e-01
5.525117337641963777e-01
5.535613038962732269e-01
5.547626477420327662e-01
5.540871112258050069e-01
5.500640001457334227e-01
5.484524194968971589e-01
5.466404667339621604e-01
5.448938777351595153e-01
5.485735124301088783e-01
5.445227043569628167e-01
5.438637800674219758e-01
5.430821569410130278e-01
5.396322013761356562e-01
5.466524822575746789e-01
5.478874654116694387e-01
5.427902865759010043e-01
5.367644800174581343e-01
5.369384603070765927e-01
5.403652533753652287e-01
5.385377980187266989e-01
5.332879116257095431e-01
5.295119553342181318e-01
5.366901018367865595e-01
5.370931314127818101e-01
5.362143638739219620e-01
5.395875862106034315e-01
