9.363866040487188735e-01
9.386497452364677141e-01
9.410130284650241039e-01
9.389725216237011507e-01
9.364777857289593443e-01
9.317717952370129231e-01
9.298467123818353608e-01
9.296946765732145845e-01
9.276930022841550771e-01
9.251858585630639009e-01
9.307298821562721702e-01
9.325643119378521639e-01
9.332667807777935698e-01
9.330560842283481815e-01
9.340611391764491733e-01
9.335448662182144197e-01
9.336830367059267832e-01
9.318349126381446634e-01
9.305513297081375867e-01
9.290452828343227498e-01
9.277798741789188286e-01
9.260954096610021224e-01
9.249264066435266551e-01
9.242742843315537860e-01
9.241850106557031319e-01
9.245360791252580368e-01
9.249041633665920914e-01
9.259508895522924332e-01
9.277019169745953642e-01
9.299090780506088505e-01
9.319106801391670025e-01
9.337442576792415183e-01
9.356559250791935956e-01
9.387009819851604986e-01
9.413041492924499876e-01
9.431202494720054563e-01
9.448912565344346204e-01
9.452806994514542094e-01
9.454267654360279938e-01
9.455938435802283548e-01
9.453866368500387640e-01
9.437150121809321224e-01
9.411593471911162689e-01
9.385097517111758991e-01
9.359339402470181479e-01
9.323976254638245420e-01
9.286282040326125919e-01
9.227241302622271046e-01
9.139849931669864480e-01
9.027568773931612389e-01
8.897175743921951208e-01
8.772803687620827073e-01
8.645492414466162678e-01
8.527643771355608582e-01
8.411597020572212369e-01
8.312050394077467041e-01
8.268202741375935139e-01
8.217002436945952670e-01
8.187319155421647343e-01
8.191589216847673383e-01
8.184803034781799047e-01
8.063650552811815198e-01
7.973813717784242749e-01
7.882369777522371113e-01
7.863357602179168460e-01
7.877401790981577445e-01
7.998765931989459954e-01
8.157057916489102167e-01
8.446150482311696184e-01
8.706951717356502529e-01
8.895600208587154389e-01
9.039244425963498530e-01
9.128047139794437381e-01
9.205541282988320972e-01
9.294289209894931458e-01
9.354202629240588873e-01
9.399679755584944285e-01
9.438841838783529337e-01
9.470355267199520588e-01
9.499691249988589936e-01
9.518407724245919743e-01
9.535747172885398193e-01
9.544069708988810463e-01
9.546631415289515976e-01
9.547799690736475942e-01
9.552975630929594342e-01
9.552268497257107027e-01
9.553277913615428885e-01
9.557375062394586340e-01
9.559852707026232910e-01
9.562755907035150882e-01
9.556480842644375917e-01
9.547399401985346978e-01
9.541731251700487082e-01
9.537327795965386823e-01
9.538467960997860651e-01
9.545392443051582410e-01
9.554712280014580061e-01
9.555814034857322836e-01
9.557144689722569808e-01
9.546460443592986733e-01
9.541591078291915551e-01
9.540526715646957534e-01
9.539726443569297443e-01
9.545064945639296639e-01
9.547105386737355648e-01
9.554023148497492457e-01
9.555860113932291844e-01
9.536951568665614776e-01
9.525335225478618328e-01
9.533874161488167243e-01
9.546753469416816573e-01
9.556901490680935751e-01
9.542581221067514274e-01
9.521448889945565153e-01
9.512709242583698988e-01
9.525002574940432121e-01
9.535283350579174533e-01
9.551547423029441708e-01
9.549460586682023688e-01
9.518814920805547253e-01
