8.179415139067625073e-01
8.135683257265767798e-01
8.058070959801774125e-01
8.027528691782294112e-01
7.995370387614644248e-01
7.966687534544111271e-01
7.942765328693375260e-01
7.904473065070567461e-01
7.859624735373829107e-01
7.837003529905786081e-01
7.839527137636430609e-01
7.902406763146143653e-01
7.917218029122045087e-01
7.915286308842435226e-01
7.928095497899714239e-01
7.919338582706791918e-01
7.986275723439721919e-01
7.987633119874213428e-01
7.929110322726046212e-01
7.862902732926249083e-01
7.799769487135873591e-01
7.728679246110554679e-01
7.642677072053953857e-01
7.577636134266187984e-01
7.531972432625699820e-01
7.505418462308353078e-01
7.480550381507917734e-01
7.477080045217620041e-01
7.491685131798470065e-01
7.516786996716255942e-01
7.540940524881889484e-01
7.565606865545103643e-01
7.627122101152815636e-01
7.734239940958715920e-01
7.837881082313017389e-01
7.948625237562862988e-01
8.044312503517526691e-01
8.113103142513686805e-01
8.176639257929166904e-01
8.237102514723140256e-01
8.296108814371253581e-01
8.347248204984543118e-01
8.394290228241665375e-01
8.452809141437814811e-01
8.499353324061014181e-01
8.514190900474801760e-01
8.532599175208306352e-01
8.534638166163883710e-01
8.524010290737613627e-01
8.474960960553059586e-01
8.381222799125164213e-01
8.287573285231754072e-01
8.165417328276555198e-01
8.059530095506839409e-01
7.934311966101689206e-01
7.823776619092984719e-01
7.767158058482563909e-01
7.620351897541500774e-01
7.483098295836626557e-01
7.369821109222347566e-01
7.254934901837003514e-01
7.162048236390710088e-01
7.158990680538159790e-01
7.123723541136649517e-01
7.104158529442071712e-01
7.209423854456070702e-01
7.407341787775164610e-01
7.663948132871334362e-01
8.000404587149263502e-01
8.261164054590376393e-01
8.412110184950407632e-01
8.530620860768632907e-01
8.611718298184726228e-01
8.665534999318122988e-01
8.704406944869074181e-01
8.745277034736579358e-01
8.781972952063097360e-01
8.808688163389803982e-01
8.820704252498612341e-01
8.835656787922082644e-01
8.825402484084831078e-01
8.821848271619401327e-01
8.810535125169851600e-01
8.792658131695046952e-01
8.762846227092661033e-01
8.747466765415742307e-01
8.721422875579989409e-01
8.697119127581109943e-01
8.681955559782383869e-01
8.673600689434309841e-01
8.688104888063287179e-01
8.695557797522497356e-01
8.699616579245220693e-01
8.711605013525763885e-01
8.719550113117827683e-01
8.735531045385975801e-01
8.760400970693104084e-01
8.771001265141055159e-01
8.767272184416848857e-01
8.775433560988512571e-01
8.773652759565115922e-01
8.774026730845921884e-01
8.752164768110013426e-01
8.732929259998108984e-01
8.724136405430020780e-01
8.727807169475026994e-01
8.733255364041300206e-01
8.731543170240131380e-01
8.711966340894681249e-01
8.717438136189611386e-01
8.755976335680915046e-01
8.782130469108030413e-01
8.786925167540911019e-01
8.780143358379058904e-01
8.795288739364395258e-01
8.851620157145611012e-01
8.911909264732066349e-01
8.910236892515671636e-01
8.936549652932224141e-01
8.967127799184453352e-01
8.980745699395683568e-01
