8.706852716302658779e-01
8.760019929046356513e-01
8.806947951187875656e-01
8.764508143557266928e-01
8.679516616779405780e-01
8.516218777937024642e-01
8.375562467615421669e-01
8.379153544962479883e-01
8.348524259848307816e-01
8.363416909671488320e-01
8.423416538279440147e-01
8.390009925431509696e-01
8.350785865013338194e-01
8.323538018762824953e-01
8.275542786490627245e-01
8.211736816711631137e-01
8.139206484911815087e-01
8.104249677774522098e-01
8.116248953581328696e-01
8.183876507479410645e-01
8.274941811036370387e-01
8.352037593374520563e-01
8.401809342217053667e-01
8.464339110070667749e-01
8.496620329697622820e-01
8.534955042375960144e-01
8.565817037032987802e-01
8.605862911847087515e-01
8.640268872514224041e-01
8.678436142762779859e-01
8.711386810200060227e-01
8.749223641115742023e-01
8.777294418582912705e-01
8.802220880331355080e-01
8.815710259139815097e-01
8.812464800496663253e-01
8.781395940428773361e-01
8.741019574292626659e-01
8.696416736600808273e-01
8.667344424927925228e-01
8.626405354485291443e-01
8.597948793399997625e-01
8.583640256556535064e-01
8.569652179863506136e-01
8.566317313542202161e-01
8.575233622153006774e-01
8.565513622874757482e-01
8.554257900390498381e-01
8.550718035835980224e-01
8.524747395585953180e-01
8.516027222007435116e-01
8.471941034188948949e-01
8.391556491874818668e-01
8.311383915350515350e-01
8.162007752675487504e-01
8.019733963965075541e-01
7.894812023947724855e-01
7.769777902863171937e-01
7.651339437446365022e-01
7.536121932037515014e-01
7.518953343090138963e-01
7.614644663892861098e-01
7.708670331801361630e-01
7.783208749728788289e-01
7.909122117170810373e-01
8.066674991775357739e-01
8.183185189928693370e-01
8.307424388948886351e-01
8.336303563305329511e-01
8.367520513615692712e-01
8.404257024741482729e-01
8.437522987963231857e-01
8.465533989284200755e-01
8.483526039693626286e-01
8.505194470084611602e-01
8.473925413861169709e-01
8.470737877393595960e-01
8.461186719733601036e-01
8.409255463300676636e-01
8.414045815162047859e-01
8.423388174250462379e-01
8.424738946425641695e-01
8.426584768523643909e-01
8.445907346527546933e-01
8.453736949570779258e-01
8.423606325617070123e-01
8.426902588649950454e-01
8.425864837021690423e-01
8.437316904365264048e-01
8.440086217127203971e-01
8.431142880685131846e-01
8.416871777248757791e-01
8.442197488010710904e-01
8.438456988331430875e-01
8.430279923551495802e-01
8.422838530784623190e-01
8.452425329988411118e-01
8.452561651127683540e-01
8.433587947318544886e-01
8.408525600033062153e-01
8.387001522076557025e-01
8.343912799795193402e-01
8.322198188016283193e-01
8.327738386711388552e-01
8.294006177226881382e-01
8.271910257403888300e-01
8.253577065377604161e-01
8.266229554186291795e-01
8.288091466199312141e-01
8.285566343182106941e-01
8.253165934716503171e-01
8.262243143769377740e-01
8.248744364588783684e-01
8.236116049752408852e-01
8.244511421953698571e-01
8.185914656456672045e-01
8.298620102346794258e-01
8.313289339650773435e-01
8.255627245221411892e-01
8.290749076665833162e-01
8.208839882237292107e-01
