5.840840527379843605e-01
5.734232969635769672e-01
5.630250238218508230e-01
5.575375910775792754e-01
5.571412698696721622e-01
5.531173704479177555e-01
5.573719509454584387e-01
5.601254428719852907e-01
5.585078144895251340e-01
5.502875594634037970e-01
5.467078111309968680e-01
5.436041567908250771e-01
5.392618026980205981e-01
5.400780602114391149e-01
5.393698789159704354e-01
5.395313285878962084e-01
5.383175546014135060e-01
5.377550502493063656e-01
5.385363854836608954e-01
5.383978024761724157e-01
5.342422046098252997e-01
5.302058683302715014e-01
5.267891796954058403e-01
5.210709953300599606e-01
5.175929844110075395e-01
5.155891426630373475e-01
5.169561083895501952e-01
5.170985636633553817e-01
5.192950769972866087e-01
5.209459172499256718e-01
5.218501377639562788e-01
5.209516615023558339e-01
5.208037987164719773e-01
5.195311032048256505e-01
5.217410789782069847e-01
5.225035601041707611e-01
5.232495313009635218e-01
5.192188431848203667e-01
5.189643963167795970e-01
5.204808293632824379e-01
5.239214620622388852e-01
5.306767554816548271e-01
5.406870607644662652e-01
5.480641467132065792e-01
5.573362051577909204e-01
5.670128168951500403e-01
5.810044921441376298e-01
5.940003195212955056e-01
6.034076571677077228e-01
6.117502401614715035e-01
6.177591205904845451e-01
6.234607993201137788e-01
6.208250734234060930e-01
6.146050555628512768e-01
6.119813337345884063e-01
6.105721094529328319e-01
6.056626322249978323e-01
6.091088282227895556e-01
6.085246260126006002e-01
6.089760800360527471e-01
6.132994627860207659e-01
6.217775042405562225e-01
6.244370415485974712e-01
6.217333339291514216e-01
6.176125785041901572e-01
6.313993439180604073e-01
6.564744069275962879e-01
6.748289811680591166e-01
6.812524752564205199e-01
6.758934255012511993e-01
6.606180037077452605e-01
6.427033800354711168e-01
6.246768489146432568e-01
6.074620656594525991e-01
5.956950525803600405e-01
5.880618339896580560e-01
5.822002467200387832e-01
5.777571709222395491e-01
5.732127519151800632e-01
5.654628306641291680e-01
5.657736034246667600e-01
5.707100350992196924e-01
5.708479111871199718e-01
5.685049507340499408e-01
5.624408907853467587e-01
5.607516490427612021e-01
5.603960528158431487e-01
5.570819094124855875e-01
5.578819049964953702e-01
5.582429175646663744e-01
5.572191954732994557e-01
5.589366972017634216e-01
5.581370659984797866e-01
5.564028000062037904e-01
5.523851496226976909e-01
5.481117065243765740e-01
5.467849563934615853e-01
5.503292892526168156e-01
5.492148831712531099e-01
5.511875272032898954e-01
5.517695563971940498e-01
5.539136827113183559e-01
5.571231628015130832e-01
5.584181749242722592e-01
5.574898193427696436e-01
5.614275793589178498e-01
5.658231812619599621e-01
5.691795055082963239e-01
5.721356221064444192e-01
5.761351412433529662e-01
5.749164024981870957e-01
5.750379677733301609e-01
5.695586828204135532e-01
5.651985902993729161e-01
5.670755199419529324e-01
5.733285597159551994e-01
5.825094054809298871e-01
5.799063113881632869e-01
5.588043268948073017e-01
5.576623921464213263e-01
5.616782588250008867e-01
