9.253116330422858082e-01
9.213517990720866413e-01
9.209086873991966238e-01
9.247298943920067016e-01
9.262533520759890227e-01
9.267915814904807981e-01
9.255479722865042058e-01
9.243979250479792409e-01
9.250706315050079009e-01
9.257807038389085363e-01
9.268702085854264583e-01
9.286897176862097814e-01
9.311176031218254545e-01
9.328142941970474222e-01
9.347397475678104195e-01
9.362050908933385873e-01
9.370508621191272480e-01
9.380411027303247051e-01
9.397100312484775175e-01
9.419981354776072457e-01
9.437072477069453624e-01
9.451177604258436116e-01
9.466099339850218009e-01
9.482033645489885698e-01
9.498966890156687048e-01
9.513968617178465426e-01
9.529605305285043793e-01
9.542806351510759733e-01
9.552663121984743544e-01
9.561682906720789799e-01
9.569000250321113565e-01
9.573718480770518902e-01
9.575564737848546448e-01
9.573227920044022898e-01
9.568833867660211379e-01
9.562887284249094177e-01
9.557929288972961679e-01
9.553508520802878046e-01
9.549689817030757588e-01
9.546129438694269664e-01
9.542764843368466421e-01
9.539114302880229435e-01
9.538378768915370953e-01
9.536493474518079605e-01
9.531690950368774118e-01
9.520143132269024422e-01
9.510085216221279003e-01
9.491501790140338679e-01
9.461471678609957303e-01
9.422616245094436183e-01
9.374851886059816231e-01
9.319314212462247449e-01
9.256422727526735228e-01
9.191682416672930511e-01
9.126816996269382365e-01
9.072161693545491845e-01
9.035516532102040310e-01
9.010951767025058290e-01
8.997660316783648859e-01
8.989980106916382052e-01
8.979895239314553690e-01
8.960667390152259326e-01
8.946637501598361242e-01
8.941143244441618343e-01
8.949958276466285501e-01
8.976346478850075750e-01
9.028415013276462897e-01
9.100869375437622422e-01
9.186581320510570636e-01
9.270534135637950035e-01
9.344191500899315939e-01
9.407454044306464702e-01
9.457231448829955811e-01
9.489431795336723541e-01
9.517657764675886423e-01
9.538529425652463312e-01
9.550832200727562560e-01
9.560957316641087722e-01
9.566470792954955282e-01
9.554125522980549956e-01
9.542871595848436694e-01
9.533965783337964295e-01
9.523068869554177640e-01
9.513711405565954404e-01
9.512027794146910020e-01
9.525145660430567318e-01
9.533841529144735372e-01
9.542098068218259899e-01
9.538161845061499111e-01
9.538629547621454430e-01
9.541561409335824750e-01
9.539608631506806269e-01
9.538603039842684650e-01
9.535461525446752296e-01
9.530274873757060838e-01
9.525144139653302089e-01
9.521854542778096508e-01
9.521066565179033825e-01
9.521216442447835160e-01
9.523003121058051246e-01
9.520864846803078763e-01
9.515383436610140855e-01
9.511788657736921504e-01
9.507126939771843865e-01
9.500449165438215049e-01
9.490505643896242072e-01
9.475822762993334480e-01
9.460297280759254468e-01
9.452059339529511606e-01
9.454393080470758770e-01
9.455513750078822222e-01
9.453075656416761730e-01
9.456106228685225989e-01
9.462398209989506537e-01
9.472020783625604290e-01
9.478025711077251447e-01
9.489449131189306996e-01
9.502345502352089746e-01
9.509987988356923827e-01
9.516016473358431815e-01
9.511535977294459654e-01
