7.383808512877045871e-01
7.358699483363349003e-01
7.321238282164908018e-01
7.221548563292093936e-01
7.152916093242289719e-01
7.054736593780084331e-01
6.997586434481394280e-01
7.061566343103650167e-01
7.079325470311080837e-01
7.036866135449213466e-01
6.975616085352681628e-01
6.926753822300838470e-01
6.842155751969641875e-01
6.738653402506948886e-01
6.634872300784411259e-01
6.501690687621614062e-01
6.316082685356728676e-01
6.123093018957128653e-01
5.950297454292911015e-01
5.811169363173421809e-01
5.707224533832436775e-01
5.639499938735693663e-01
5.605441914515594259e-01
5.607802657487489517e-01
5.572160485895608639e-01
5.576844987584089752e-01
5.629085252426625496e-01
5.706705757981841431e-01
5.763978959567026550e-01
5.825263312233578405e-01
5.886842599188197855e-01
5.961722686206397670e-01
6.047758094238108173e-01
6.141235036973827777e-01
6.235334392072373610e-01
6.287273723936320780e-01
6.333660454638161408e-01
6.360917802025236600e-01
6.379773174425752424e-01
6.412805109198290721e-01
6.488624990465671205e-01
6.592855066566689626e-01
6.697334553583289551e-01
6.791839061586610882e-01
6.883097832880827882e-01
6.989649391430091674e-01
7.092909016415295254e-01
7.167183574966792259e-01
7.275322071585044181e-01
7.307592411106137442e-01
7.343608848860330163e-01
7.366199258843203479e-01
7.324362071636582039e-01
7.254352024999589643e-01
7.199508617746812611e-01
7.154587168573319778e-01
7.094292780802046172e-01
7.061809302865941218e-01
7.022941496973517106e-01
7.043422945018953385e-01
7.063702312469729572e-01
7.152293647292490286e-01
7.219302509639222709e-01
7.224211645721970720e-01
7.179239964555020892e-01
7.317654872737435756e-01
7.538575399254612286e-01
7.674025236596969668e-01
7.712197874163518874e-01
7.669365746512549764e-01
7.585442655431926529e-01
7.449836455358072040e-01
7.342512621300713027e-01
7.280946918763776532e-01
7.218672620219747094e-01
7.156977222601311750e-01
7.109994612416166149e-01
7.040006679477570639e-01
6.959672222514643458e-01
6.876347177856899640e-01
6.862899856982735969e-01
6.869505061265791523e-01
6.849916634718572483e-01
6.815715467046856713e-01
6.715746344653713562e-01
6.624998132060795353e-01
6.577201569510880974e-01
6.506350889616551170e-01
6.487102289712607384e-01
6.430620233864452473e-01
6.409138486580446825e-01
6.405744048400331403e-01
6.417130868083238404e-01
6.436528656787494640e-01
6.435647570694489339e-01
6.423644075296188749e-01
6.446756549022709670e-01
6.486467461917044819e-01
6.529650877507666706e-01
6.596239396864184146e-01
6.645152498763167159e-01
6.685125729282831442e-01
6.711399492238723230e-01
6.730220236079609286e-01
6.742686930266242884e-01
6.756992743721087491e-01
6.775597895289756645e-01
6.786929595259104664e-01
6.791909781708919125e-01
6.781465659714344119e-01
6.790632564980699781e-01
6.819265145340059897e-01
6.801805951318440346e-01
6.800202061515283614e-01
6.819135729062867357e-01
6.794146394560024449e-01
6.788260305404866246e-01
6.746925013888332989e-01
6.702904689144361106e-01
6.790142235840429530e-01
6.775073702532926623e-01
