5.617973726354844599e-01
5.723294641708595032e-01
5.781938292416977099e-01
5.746159124365942672e-01
5.693101949635173131e-01
5.553434203835798666e-01
5.434905532136222739e-01
5.329990439288213588e-01
5.337579655988721195e-01
5.396478568027345268e-01
5.480232370883212356e-01
5.525203479575675480e-01
5.514230241321463888e-01
5.496968154352267488e-01
5.505233154534387996e-01
5.538161982060041399e-01
5.549008469620702044e-01
5.539714842727830879e-01
5.535525657981319458e-01
5.497627168010222887e-01
5.425530392798221246e-01
5.394735404280440738e-01
5.355188201477983911e-01
5.315230905117782623e-01
5.310218840851593791e-01
5.294404524894125164e-01
5.320233882535420067e-01
5.353084149062894426e-01
5.435093191444496652e-01
5.508495472374229651e-01
5.573979856467837779e-01
5.628069186373224619e-01
5.685317094213544475e-01
5.718807391685188923e-01
5.772417184747903329e-01
5.756997846756495285e-01
5.705169232320099759e-01
5.612186548529755070e-01
5.570239371856011701e-01
5.492868782491446833e-01
5.461246253633056380e-01
5.490489358136066977e-01
5.560094073758107269e-01
5.692671731211724762e-01
5.835033294770158863e-01
5.971772138326317814e-01
6.080170765992946036e-01
6.187301868975325636e-01
6.266301426860837465e-01
6.338159607233156967e-01
6.372169568262674444e-01
6.383022936226333544e-01
6.295965157788778743e-01
6.175666653641783688e-01
6.184119902290009518e-01
6.261989582402790466e-01
6.335334333076220181e-01
6.360521752632525283e-01
6.308992923419606269e-01
6.202082654863040334e-01
6.144260454374488312e-01
6.322664388591817675e-01
6.460867256229188005e-01
6.527945593461409457e-01
6.473782710996869305e-01
6.675278206484676069e-01
6.988755950655857196e-01
7.170416865907792703e-01
7.213176059284994723e-01
7.156618174651165898e-01
6.989027098116460390e-01
6.764569694201013617e-01
6.541609421406187064e-01
6.323429771724303761e-01
6.170937941647948177e-01
6.061018924712906486e-01
5.955130158880697078e-01
5.883290137041926604e-01
5.788785674585457119e-01
5.741060303694873745e-01
5.772626472814077481e-01
5.830346007236431038e-01
5.853338328639469124e-01
5.885656648608250663e-01
5.906303608553166162e-01
5.880235970967393477e-01
5.894806569467632151e-01
5.845224953088415942e-01
5.843071358813370919e-01
5.827800329779496691e-01
5.752361389939457670e-01
5.824539702986765155e-01
5.820786674832031382e-01
5.807719780005703436e-01
5.789593820028251514e-01
5.725996252673792863e-01
5.759236245334022897e-01
5.790713419040327548e-01
5.754734416886713166e-01
5.664082693807327429e-01
5.568966130932153646e-01
5.545535484773286283e-01
5.543531241350884153e-01
5.554797306501658705e-01
5.544320902152005681e-01
5.555313729426266667e-01
5.562551004034291813e-01
5.641821008668789217e-01
5.746622947252082447e-01
5.831954461898155584e-01
5.871380432424454510e-01
5.798565208062849141e-01
5.756894962917378233e-01
5.775771032919323478e-01
5.779067142947683644e-01
5.821411521568035097e-01
5.944130311660823507e-01
5.964603243338688632e-01
5.884238722446845093e-01
5.859285074543176819e-01
5.841232892160038714e-01
