8.261559256593066225e-01
8.182732764435108885e-01
8.067037065470794577e-01
7.993896201920762667e-01
7.934847897586497778e-01
7.913487799914267207e-01
7.947261791907201944e-01
7.955778553945848097e-01
7.905110964390567041e-01
7.910834134540896123e-01
7.909337392922807242e-01
7.910528125258800003e-01
7.839869360923579222e-01
7.780491011170267424e-01
7.773879770708305159e-01
7.764031555817043628e-01
7.790907527180830350e-01
7.718687162354911369e-01
7.570451211888183929e-01
7.430475229025709227e-01
7.301632989899626835e-01
7.181521849846996819e-01
7.068844177926202343e-01
6.969911844489941055e-01
6.895165309109886342e-01
6.843745402332814809e-01
6.790943981405106467e-01
6.774216395406246205e-01
6.777475148913116865e-01
6.803286725771198196e-01
6.835835004722899955e-01
6.859390184219652520e-01
6.917689732143805781e-01
7.040950122366171904e-01
7.179190561753366895e-01
7.329972298469544789e-01
7.477137585238398110e-01
7.597219041303834297e-01
7.699865544660883243e-01
7.799900907868966282e-01
7.897685767622319997e-01
7.979058051960888909e-01
8.054565436932895617e-01
8.152494073209005654e-01
8.238226401095249951e-01
8.303637927354584614e-01
8.363169109659712719e-01
8.385216061169693536e-01
8.361923140170401947e-01
8.285339350839576733e-01
8.165585671085330288e-01
8.056512289868088539e-01
7.926182392261279519e-01
7.795963836617717524e-01
7.678689444376433082e-01
7.621376104058065204e-01
7.599021374304377741e-01
7.533551722194082867e-01
7.504404200781531475e-01
7.547697423503453296e-01
7.569351956631714673e-01
7.426429799283587041e-01
7.263137489836654082e-01
7.102354741688763351e-01
7.003124268953335729e-01
7.020452774984253796e-01
7.138105975343468357e-01
7.345247966386153626e-01
7.672044421998511776e-01
7.977865130681363048e-01
8.166101616171304034e-01
8.297790409011673862e-01
8.399637972463315228e-01
8.472369127375249942e-01
8.528986522890602551e-01
8.571782465143624741e-01
8.609131965268136399e-01
8.626268998501493979e-01
8.630949917458983212e-01
8.645456372337828599e-01
8.632516125420027775e-01
8.615340369875227333e-01
8.592443987424595031e-01
8.557775932509303907e-01
8.506260116430118812e-01
8.478735922279959647e-01
8.452621607417392102e-01
8.424666805375060630e-01
8.410083385530758848e-01
8.401412198575418655e-01
8.434163706755704037e-01
8.455308231198164215e-01
8.456100423508926545e-01
8.475330432835801453e-01
8.481525690484633673e-01
8.497077892770491525e-01
8.530728605156074895e-01
8.555632185295373171e-01
8.560679645475434141e-01
8.572678660523477268e-01
8.571318829702246900e-01
8.577325221930460764e-01
8.561639486218222128e-01
8.549521899035764649e-01
8.547526490157504320e-01
8.557327878168466961e-01
8.577540466772733962e-01
8.611242056886385665e-01
8.613855465785535959e-01
8.640250300547513973e-01
8.696452044765472511e-01
8.749858954171749748e-01
8.792613827376648539e-01
8.806821816615590937e-01
8.788684694696532462e-01
8.796509362520649189e-01
8.832525271484404916e-01
8.829221901863294475e-01
8.785841542284250627e-01
8.767455369386640829e-01
8.778850152106805194e-01
