8.705385971354651087e-01
8.736848586842606013e-01
8.652381016043310114e-01
8.526481915875608886e-01
8.388991260190038490e-01
8.289798718866564498e-01
8.283179189925770070e-01
8.372416560941251529e-01
8.418658485446929296e-01
8.406644020031746045e-01
8.470802047925286571e-01
8.489072393795609184e-01
8.483338034909152503e-01
8.498089801708962332e-01
8.512944182277216720e-01
8.494231742456184175e-01
8.486284019162065873e-01
8.465031061163892367e-01
8.427527153004554794e-01
8.431900034831069091e-01
8.441754249903576923e-01
8.463930008527619231e-01
8.495119728036913953e-01
8.531930074249189921e-01
8.581934116679607039e-01
8.612632050553500340e-01
8.647028076400568031e-01
8.684164536137427559e-01
8.711469564938262300e-01
8.724496112777200274e-01
8.752075744464463680e-01
8.754399675330529762e-01
8.763280878915665761e-01
8.756857246361641200e-01
8.749493544909124898e-01
8.711514933314820075e-01
8.668905292644976113e-01
8.620361486472859491e-01
8.527394239883799854e-01
8.437614489091497250e-01
8.344758677504903188e-01
8.284991289304431961e-01
8.233233113851297080e-01
8.185145983581872953e-01
8.126010633981342046e-01
8.113064296618617277e-01
8.091523193022079896e-01
8.081052478697198227e-01
8.114955595413995137e-01
8.111286966620016026e-01
8.117123661142652269e-01
8.126141429294416740e-01
8.086864156901075740e-01
8.028245622733701792e-01
7.955581810131299170e-01
7.933999213891553826e-01
7.859630189550631529e-01
7.817572478576239048e-01
7.775339785099963930e-01
7.743319794640933784e-01
7.698832326043549834e-01
7.772894456098943250e-01
7.888456544769187895e-01
7.959560449421487771e-01
7.985175566215277909e-01
8.118729963643360747e-01
8.270911528057786066e-01
8.345846037778642534e-01
8.355898211189961566e-01
8.303124630534053363e-01
8.201759911656999469e-01
8.077678987626381035e-01
7.955264331443258063e-01
7.874128201762111701e-01
7.836785044992945481e-01
7.838964571642070833e-01
7.885212497745218707e-01
7.953348793996820598e-01
8.014156979961458704e-01
8.110737890432574426e-01
8.240208574607728043e-01
8.350022700008192800e-01
8.451723773289768760e-01
8.518886108877858909e-01
8.565207591465195947e-01
8.557470274333812688e-01
8.525977808753343323e-01
8.495607936141830185e-01
8.538771771891023876e-01
8.572743714223609590e-01
8.562737276203582493e-01
8.587784048749403931e-01
8.601657906012315502e-01
8.612609651145012313e-01
8.637267229340795938e-01
8.640701827246071165e-01
8.636472567009032542e-01
8.630492222948340508e-01
8.626107781747746062e-01
8.615359415841812307e-01
8.603722778630715773e-01
8.592211055527581021e-01
8.585882575639068870e-01
8.583877240392199237e-01
8.560042124979675426e-01
8.535666654823329536e-01
8.517141374888975713e-01
8.484316024658343780e-01
8.418772047915991097e-01
8.367173508097932588e-01
8.375378359094357572e-01
8.395029577215215033e-01
8.370932085473380413e-01
8.339506607233434510e-01
8.344375289675056706e-01
8.359450160378762984e-01
8.385625719171148074e-01
8.381389480816217041e-01
8.422090672200984729e-01
8.454322519619613674e-01
8.300432915487182539e-01
