9.220973824890388304e-01
9.225045873236451532e-01
9.068856682351584819e-01
8.941149309931991640e-01
8.811247971164206660e-01
8.775589688185339021e-01
8.803204553165141499e-01
8.905095920574057633e-01
8.978195959617487620e-01
8.992213480055063490e-01
9.086119918167867571e-01
9.124347719493274278e-01
9.139231681770652038e-01
9.165082413875117462e-01
9.216863429792083728e-01
9.233976400440030430e-01
9.250491266795651812e-01
9.250011746676841673e-01
9.242076708800559537e-01
9.242249422177124529e-01
9.246773956768067348e-01
9.250175517641991974e-01
9.263319382858109519e-01
9.279145540610975740e-01
9.292958112735628662e-01
9.298889344178923322e-01
9.306445786812405085e-01
9.306726939747351768e-01
9.308899350747841250e-01
9.300839781718935884e-01
9.297075513017801773e-01
9.287980482112904168e-01
9.277848646671926769e-01
9.257461451329463964e-01
9.236612153038807893e-01
9.200615438869824692e-01
9.162907412584271327e-01
9.124005619121992039e-01
9.065156197765411594e-01
8.991929719208096028e-01
8.902689333524844706e-01
8.843091452738427449e-01
8.791824836101748142e-01
8.736073494802062411e-01
8.705070064830451315e-01
8.675391215506691456e-01
8.658343475790457600e-01
8.656031207784447012e-01
8.676507333609332351e-01
8.694316494677597484e-01
8.725254278619722914e-01
8.751693221673408907e-01
8.743313349975306847e-01
8.727705907613618752e-01
8.692618581825105606e-01
8.668144818960118458e-01
8.632985496822940252e-01
8.612828611955600788e-01
8.582508680168435822e-01
8.557852788343964789e-01
8.518076933134907103e-01
8.595420972060746623e-01
8.701625755089757996e-01
8.733874154875957974e-01
8.744093497064964193e-01
8.780272759186841247e-01
8.849766895565499558e-01
8.875394056533262299e-01
8.852393516417739194e-01
8.780717652612335389e-01
8.678706767730353100e-01
8.542006055684429056e-01
8.400804570033127971e-01
8.313122724024849530e-01
8.288896815180299971e-01
8.297326660400520248e-01
8.347811329957671722e-01
8.429495332359189241e-01
8.478916817741894985e-01
8.577616787825151912e-01
8.701538540598056093e-01
8.821976895658173445e-01
8.918022491817633179e-01
8.993513738465765961e-01
9.038558350931628071e-01
9.044325950307736672e-01
9.011205916358707713e-01
8.992844220051059434e-01
9.045588974617899680e-01
9.083482640041089518e-01
9.095465439842644884e-01
9.128046293382239273e-01
9.166731651580488638e-01
9.206099580850403141e-01
9.231123502993113794e-01
9.240670230556162767e-01
9.245834270589020631e-01
9.256006671154525245e-01
9.256719174676696360e-01
9.254303901897997786e-01
9.246079859034224135e-01
9.226236832534855381e-01
9.208627774800792753e-01
9.196737229741375197e-01
9.174146106856803096e-01
9.153907495913069514e-01
9.142723152123299890e-01
9.104628717099981783e-01
9.057355399657506245e-01
9.004697342365682866e-01
9.007084973181970211e-01
9.017185568562287035e-01
8.988156376158880079e-01
8.962218620928885660e-01
8.948624350257694537e-01
8.978255936793547720e-01
8.992111279064595175e-01
9.016501399472326428e-01
9.012130668789808396e-01
9.047593753701435038e-01
8.978874173342568099e-01
