6.359906201074461141e-01
6.179641085287232993e-01
6.024319255513125304e-01
5.963139159666469569e-01
5.925349613545688454e-01
5.897307350536284964e-01
5.833968601810322063e-01
5.852266723677846949e-01
5.865643487191234406e-01
5.826778546044993901e-01
5.815268070764467723e-01
5.814229044111921541e-01
5.788545277935758238e-01
5.755319593108382259e-01
5.730367178670765504e-01
5.704863885563354886e-01
5.683854696255123962e-01
5.661138923280664148e-01
5.638280452668776865e-01
5.597559657534091349e-01
5.543561449640338479e-01
5.503531324830587268e-01
5.461902900189030685e-01
5.427313887705651485e-01
5.402771245008274326e-01
5.385565016805957672e-01
5.374245278868294839e-01
5.370293372560834833e-01
5.386318759363212250e-01
5.414684961924772777e-01
5.438202256989581596e-01
5.447051866736615233e-01
5.434670904008159775e-01
5.421667853612550658e-01
5.419707568856709790e-01
5.451372862759972238e-01
5.529319615607988236e-01
5.678773643085571754e-01
5.900182184896787252e-01
6.193587729028960931e-01
6.509200552423602959e-01
6.792243113743064997e-01
7.047738865525822183e-01
7.279839562616776671e-01
7.472322772905132249e-01
7.614751080500207214e-01
7.724805301129398227e-01
7.793133953642880085e-01
7.823666611626821643e-01
7.809294278339725670e-01
7.768761061608937535e-01
7.694017364535721271e-01
7.578910106143587067e-01
7.439247999150704338e-01
7.270844959627907889e-01
7.079524941952121120e-01
6.929358734476896986e-01
6.813409104634308155e-01
6.750699399287599656e-01
6.728079416066707896e-01
6.719396378435060768e-01
6.695592203429056033e-01
6.661543553226988434e-01
6.619714181700111499e-01
6.596230937741355271e-01
6.611495542683638593e-01
6.718095196901535671e-01
6.926574093734799709e-01
7.180960803682924221e-01
7.421001408913229236e-01
7.571615676774886561e-01
7.664350417971930174e-01
7.733411242355546777e-01
7.758454575713689128e-01
7.728128093917631114e-01
7.648770844231986832e-01
7.535887882124318038e-01
7.397365991742063107e-01
7.260899851518408665e-01
7.106157226736031784e-01
6.977819006718707362e-01
6.866258995035607882e-01
6.760803772022161429e-01
6.678262310566430715e-01
6.614235767187205406e-01
6.613645319362488895e-01
6.603499760639289784e-01
6.580669710916006165e-01
6.519259674211764777e-01
6.471255255755685720e-01
6.438062706684419823e-01
6.381581349781664247e-01
6.324491568480337111e-01
6.264706235855750371e-01
6.203973426844863193e-01
6.170762659121277194e-01
6.158484767396366077e-01
6.161794353451214290e-01
6.146292202097732860e-01
6.110357557559927821e-01
6.044106135855201734e-01
6.009599133198511023e-01
5.997439372689411519e-01
5.997454496544117886e-01
5.994374183175448234e-01
5.977033796051820502e-01
5.918162162986313479e-01
5.840993647208011508e-01
5.744912993673955137e-01
5.653270218917880729e-01
5.581260259156126669e-01
5.506807984002531908e-01
5.420095287842856546e-01
5.304678009938369465e-01
5.154194165430394659e-01
4.984443692681647664e-01
4.830854300790949907e-01
4.714337368281494856e-01
4.624520286371802680e-01
4.576999993639073727e-01
4.566440059438533483e-01
