8.640798830328295654e-01
8.770508593312643653e-01
8.840525420208805718e-01
8.809540450368066322e-01
8.754370490496090618e-01
8.627028449295985890e-01
8.536817188981694615e-01
8.523591431940282792e-01
8.505890884916080807e-01
8.531253593810758096e-01
8.586468860228200217e-01
8.550804000104366143e-01
8.513807866058594742e-01
8.499172595728462509e-01
8.459382132604688076e-01
8.403336837009854898e-01
8.337214860200753419e-01
8.312744992785359166e-01
8.327622255000783902e-01
8.401738921707720964e-01
8.493803638691268532e-01
8.561064482045996904e-01
8.595447691351328912e-01
8.649341727243070599e-01
8.684244300074552836e-01
8.720469443456470016e-01
8.741611035443990207e-01
8.773430622314951632e-01
8.807820349360580003e-01
8.846658334481463104e-01
8.876915226627654087e-01
8.906615281344522073e-01
8.930360275436054485e-01
8.945410462888758740e-01
8.960478244229126421e-01
8.959325341487985872e-01
8.941704759557983495e-01
8.911108329223764724e-01
8.868923783904291147e-01
8.846828461741850225e-01
8.818197887970614657e-01
8.802356433792710710e-01
8.808673290995246985e-01
8.808094225341714933e-01
8.796842725407846286e-01
8.803916240816039851e-01
8.793369147009685305e-01
8.784651906304252744e-01
8.781657374064101296e-01
8.781482220322345267e-01
8.786485130167441815e-01
8.751108271363970958e-01
8.696721489354993784e-01
8.649360892653599198e-01
8.535285086666150045e-01
8.443046379217319375e-01
8.350675801807548870e-01
8.234382596638700758e-01
8.142423979165125392e-01
8.054916642089218204e-01
8.045950544295324969e-01
8.134236280367012073e-01
8.235763870384408269e-01
8.316533976969761044e-01
8.421863913624536568e-01
8.528476488460732252e-01
8.598135819230525723e-01
8.690296714405151279e-01
8.699899820442537068e-01
8.715643880811332345e-01
8.742616571306797146e-01
8.759410440447499280e-01
8.765680225884220356e-01
8.751907308740548563e-01
8.768647515865860553e-01
8.746527949109917932e-01
8.718316923601849844e-01
8.698075369406910173e-01
8.658031392099652113e-01
8.643042937544649362e-01
8.627616604246898246e-01
8.608181368522215271e-01
8.604106400688437128e-01
8.627213536856930265e-01
8.605344961526776304e-01
8.575581250240981168e-01
8.585347384712633811e-01
8.577168565754249574e-01
8.589844062265563629e-01
8.581732386601004237e-01
8.591369128777635034e-01
8.574256368101577097e-01
8.594438960143497841e-01
8.582155973573842855e-01
8.578219117355364576e-01
8.581737555891589819e-01
8.612776332041520710e-01
8.615119141775905431e-01
8.602348126514568483e-01
8.586674270013254784e-01
8.553259414107594605e-01
8.490923432111711078e-01
8.453889161577942124e-01
8.444416934134693076e-01
8.439865082663704499e-01
8.405324104129647811e-01
8.367518839169674205e-01
8.394102806127796690e-01
8.420023245952414914e-01
8.425138321136723674e-01
8.398076407605142846e-01
8.384110494030369010e-01
8.382628428469648396e-01
8.367557425376830338e-01
8.355057641406261615e-01
8.320629996738269085e-01
8.402359780150848723e-01
8.406430160466579204e-01
8.341217246645945549e-01
8.371726648437186613e-01
8.315033958701373296e-01
