5.636313954856848607e-01
5.734614527177294141e-01
5.780277052259154003e-01
5.746554038662095021e-01
5.698822467377018253e-01
5.556821132018739950e-01
5.433583339125737099e-01
5.326605904140309100e-01
5.333938843615331216e-01
5.393985967957172223e-01
5.481932972512173485e-01
5.527457467374186084e-01
5.517021503000489879e-01
5.498757044399066318e-01
5.507474623070964803e-01
5.540230127915102276e-01
5.549430577144699450e-01
5.538955625683923412e-01
5.531563403808050783e-01
5.493562426775592256e-01
5.421102657225603805e-01
5.388824621683097060e-01
5.348372131899314930e-01
5.308464448880730879e-01
5.305121576866308475e-01
5.291107971761013218e-01
5.317899510744843461e-01
5.351952512693389785e-01
5.434922932572465726e-01
5.506460378416520030e-01
5.572205069095325092e-01
5.626811779873518438e-01
5.684987868046196269e-01
5.719835574380763843e-01
5.773479785770090356e-01
5.759004209709827071e-01
5.706486880427222852e-01
5.611551661276571457e-01
5.569036998126641880e-01
5.490988320375039811e-01
5.459822307585340262e-01
5.490143129227914587e-01
5.559029853366338481e-01
5.690714926272122387e-01
5.833059540130209886e-01
5.968645253653922511e-01
6.076905333996305281e-01
6.183472238491399819e-01
6.262460676567438433e-01
6.333568864982859203e-01
6.367919221284900066e-01
6.381869278740016638e-01
6.296149284833418847e-01
6.175009334395791250e-01
6.183021339125284177e-01
6.260870084918769285e-01
6.336726545811264266e-01
6.363826288226895889e-01
6.311704216934277412e-01
6.205293679786857419e-01
6.145143105409431872e-01
6.318614189218484389e-01
6.455575992976440025e-01
6.524806070075813702e-01
6.470701604802450158e-01
6.671755391573850336e-01
6.986221166568972185e-01
7.169729293215688637e-01
7.214621594239500890e-01
7.159303622303906378e-01
6.993015676966293226e-01
6.769006507522709049e-01
6.545740004128423051e-01
6.327531843538165557e-01
6.176098391066261462e-01
6.066425303000774205e-01
5.957763242557271299e-01
5.884467476768319161e-01
5.790172451613341265e-01
5.743295282451744699e-01
5.774348850105693876e-01
5.830884280059035474e-01
5.851755678145065254e-01
5.882183791816502083e-01
5.901608158761819656e-01
5.876500022843165194e-01
5.892286308459008248e-01
5.842960183405634389e-01
5.838987561078705646e-01
5.823351625322847891e-01
5.748781413242743943e-01
5.820514348043748232e-01
5.818375509943024548e-01
5.806599540265386938e-01
5.788256977755696919e-01
5.727026393696837969e-01
5.761840881908054657e-01
5.793759777683766821e-01
5.759338407107660318e-01
5.670000812629424347e-01
5.575492692219606861e-01
5.550956533538033977e-01
5.546466463187361695e-01
5.556245975212185106e-01
5.543014076148231606e-01
5.553202030731624328e-01
5.560945590908843439e-01
5.640342774839645079e-01
5.742530220502456428e-01
5.826870674423585417e-01
5.865862517514415231e-01
5.791438586805515154e-01
5.750338575622769843e-01
5.770118095717369222e-01
5.776541058206317025e-01
5.820468354761682006e-01
5.943794484100244357e-01
5.963473390389876228e-01
5.878574701716959838e-01
5.852155671308847396e-01
5.833948983368125729e-01
