9.235509103072682136e-01
9.218547524407374461e-01
9.223308512118033597e-01
9.256890009963060217e-01
9.252403749840713010e-01
9.245494765527398906e-01
9.243265794652302247e-01
9.233281490763413091e-01
9.230489122065221874e-01
9.229507513058717860e-01
9.234825621615174729e-01
9.253107716993682619e-01
9.276000555363665967e-01
9.284683593044079641e-01
9.293384889340245980e-01
9.303606073793219133e-01
9.309471639078863436e-01
9.315353577612309754e-01
9.331685623756241776e-01
9.354909656835431742e-01
9.375422316678758694e-01
9.393746787133600007e-01
9.410938887886134419e-01
9.427480571151686251e-01
9.445249530718119457e-01
9.462205040737339257e-01
9.479727282272565336e-01
9.494066680584893891e-01
9.505783738381841097e-01
9.515902510281381010e-01
9.525451267923811249e-01
9.531746555994937697e-01
9.534011320746998974e-01
9.531201917203531160e-01
9.524208259510190677e-01
9.516230123302538146e-01
9.508240232135624082e-01
9.500383415049526992e-01
9.494558828301153941e-01
9.488669103621331091e-01
9.481554890566717964e-01
9.474263770865405387e-01
9.471452214329620922e-01
9.469050024755166772e-01
9.460639213936874459e-01
9.446594053152842507e-01
9.434768643755915285e-01
9.410916141997702766e-01
9.373740433484770707e-01
9.325335176636986301e-01
9.268319889818407153e-01
9.197319156219984082e-01
9.117377756685076662e-01
9.033222431178901113e-01
8.950210481604659041e-01
8.869302655325722595e-01
8.808919374123609369e-01
8.768268586337600867e-01
8.750447554498379521e-01
8.742343894982824715e-01
8.733543075548934054e-01
8.715004975187377045e-01
8.695387429950557356e-01
8.681637363466749857e-01
8.690385163972306204e-01
8.719033743649078350e-01
8.777627188781411682e-01
8.865026115114865712e-01
8.977047475087505113e-01
9.088405402028871816e-01
9.190365400938512730e-01
9.276066694896299980e-01
9.347308233557782842e-01
9.398636138402032270e-01
9.440716798567401202e-01
9.469813143159054869e-01
9.484644900095725584e-01
9.493031478785984856e-01
9.497824966993597684e-01
9.483843523188547620e-01
9.469673759547246883e-01
9.464356074419515430e-01
9.457921468305807711e-01
9.448603371958415043e-01
9.445430790891563566e-01
9.460733620420561651e-01
9.471521195976907448e-01
9.479310463114097862e-01
9.476745858365798192e-01
9.478335952924169527e-01
9.480568405758754702e-01
9.475861449921424429e-01
9.475271708023993433e-01
9.476122470265835318e-01
9.476414381101018192e-01
9.474715969311762187e-01
9.476530912583276400e-01
9.480367802045928105e-01
9.481937999468634803e-01
9.483377307883974483e-01
9.483826040745692021e-01
9.482684207778857566e-01
9.480952411061297491e-01
9.477146127367471751e-01
9.475354353302963828e-01
9.469817856008467816e-01
9.454817208030488196e-01
9.439020212083225614e-01
9.433176679025679912e-01
9.441275602206856687e-01
9.446390761771178424e-01
9.446787048997488112e-01
9.453184133146664836e-01
9.458456124021783484e-01
9.464270534597197804e-01
9.472599096897936777e-01
9.485238442481070953e-01
9.496265885620294167e-01
9.504267365919240040e-01
9.512896714769359940e-01
9.512909670284819263e-01
