6.822684913760584946e-01
6.802071949395854800e-01
6.787640790910915989e-01
6.680604822092670592e-01
6.558751925244836745e-01
6.514845450649308090e-01
6.497462329281250559e-01
6.487472615537126508e-01
6.463348947925555699e-01
6.430491629185169922e-01
6.387111594727112873e-01
6.338802855658952629e-01
6.299360815193888463e-01
6.236900237791209722e-01
6.158894347838133054e-01
6.077242188712715931e-01
5.985554099260543826e-01
5.872722667517464856e-01
5.762729959479616637e-01
5.670017900248576215e-01
5.598820777878927846e-01
5.554955080554705438e-01
5.534126398594165774e-01
5.524496497484382429e-01
5.519508762864985263e-01
5.519871959668788408e-01
5.521691980574945369e-01
5.517377778188695681e-01
5.504569821286681153e-01
5.486321719465684366e-01
5.469492833015114908e-01
5.454650736491220009e-01
5.440252614452616431e-01
5.426314613751016536e-01
5.415556268661956274e-01
5.412178231464622735e-01
5.427511950999062140e-01
5.481674154375778540e-01
5.593349178545390377e-01
5.767350788552062513e-01
5.987687972502081513e-01
6.233231085683466066e-01
6.504236145167001659e-01
6.770114647934230012e-01
7.005511230759228214e-01
7.198235382132254223e-01
7.355810505092947871e-01
7.460880057228920226e-01
7.517205869006980956e-01
7.521230888823144944e-01
7.499029370292682461e-01
7.439644423108139337e-01
7.344858664493190137e-01
7.229183405155912290e-01
7.102560010815149871e-01
6.988464256976860689e-01
6.913988815902051277e-01
6.866350992377822093e-01
6.842320299647058901e-01
6.830998032312850521e-01
6.814394112471748866e-01
6.784799037783827425e-01
6.744877350822359174e-01
6.693918950689305980e-01
6.663441698113337086e-01
6.678860713194059162e-01
6.753256191621361815e-01
6.897264502819278054e-01
7.096110540210534001e-01
7.283996629458125982e-01
7.410093372257411382e-01
7.500406466486631007e-01
7.563087618037698245e-01
7.574455706252851694e-01
7.543235778267435299e-01
7.469568955888880035e-01
7.359809381515752813e-01
7.232507062626948313e-01
7.113667574517975600e-01
6.972439612753834615e-01
6.855352509654732973e-01
6.750368352519475756e-01
6.645425982446465651e-01
6.557177844024033586e-01
6.479143419242376911e-01
6.476268068109993781e-01
6.478649413165958881e-01
6.484004037212641736e-01
6.442545690311509698e-01
6.406434754487787542e-01
6.395736313881383861e-01
6.357859170060738974e-01
6.320659870860058094e-01
6.294750059751990090e-01
6.266786883167666522e-01
6.236512953246593494e-01
6.202531292316419975e-01
6.174328067034480227e-01
6.164391455479835136e-01
6.166458040246823868e-01
6.170329478306945115e-01
6.178716574768263747e-01
6.191694095608890613e-01
6.184744356921086927e-01
6.173699882798875382e-01
6.172107974499747574e-01
6.177489449685089618e-01
6.193386471480716304e-01
6.231228100104319045e-01
6.306487816245022193e-01
6.384688806366529690e-01
6.443932668445675471e-01
6.495076913952063657e-01
6.534532007444628920e-01
6.567994294587732318e-01
6.617199014212236108e-01
6.680054783683343489e-01
6.736079638857614960e-01
6.757627014790543729e-01
6.745216451088864584e-01
6.743374067672306404e-01
