5.772655606269836426e-01
5.770905017852783203e-01
5.723989605903625488e-01
5.624999403953552246e-01
5.492050647735595703e-01
5.441561937332153320e-01
5.326533317565917969e-01
5.358216166496276855e-01
5.390481352806091309e-01
5.214246511459350586e-01
5.019233822822570801e-01
4.504170417785644531e-01
3.815724849700927734e-01
3.435338437557220459e-01
3.305106461048126221e-01
3.219194710254669189e-01
2.755287885665893555e-01
1.946901977062225342e-01
1.457629948854446411e-01
1.135752126574516296e-01
9.787613153457641602e-02
9.174221754074096680e-02
8.867041021585464478e-02
1.008707359433174133e-01
9.222752600908279419e-02
8.497452735900878906e-02
1.014258787035942078e-01
1.123502328991889954e-01
1.189398244023323059e-01
1.207828968763351440e-01
1.224540844559669495e-01
1.303595751523971558e-01
1.415209919214248657e-01
1.451175957918167114e-01
1.630789190530776978e-01
1.788585036993026733e-01
1.980359852313995361e-01
2.190697193145751953e-01
2.331929504871368408e-01
2.575709521770477295e-01
2.918396890163421631e-01
3.232337534427642822e-01
3.363776803016662598e-01
3.504702150821685791e-01
3.795619904994964600e-01
4.064614474773406982e-01
4.240480065345764160e-01
4.537940919399261475e-01
4.804764389991760254e-01
4.780769348144531250e-01
4.827685356140136719e-01
4.635363519191741943e-01
4.440673887729644775e-01
4.311860501766204834e-01
4.209608137607574463e-01
4.085047841072082520e-01
3.861547112464904785e-01
3.627880215644836426e-01
3.749314546585083008e-01
4.052046239376068115e-01
4.054632186889648438e-01
4.038688838481903076e-01
3.599960505962371826e-01
3.142441511154174805e-01
2.902369201183319092e-01
2.996059656143188477e-01
3.493806719779968262e-01
4.105803966522216797e-01
4.505813419818878174e-01
4.899270236492156982e-01
5.098085999488830566e-01
5.059185028076171875e-01
4.964245557785034180e-01
4.952124059200286865e-01
4.952824115753173828e-01
4.907887876033782959e-01
4.696246385574340820e-01
4.193430840969085693e-01
3.880172967910766602e-01
3.622957468032836914e-01
3.047332167625427246e-01
2.849950492382049561e-01
2.620165348052978516e-01
2.326658964157104492e-01
2.066024392843246460e-01
1.784611940383911133e-01
1.724048703908920288e-01
1.676022112369537354e-01
1.647696793079376221e-01
1.496173739433288574e-01
1.341111660003662109e-01
1.335079222917556763e-01
1.439898908138275146e-01
1.633617132902145386e-01
1.732908487319946289e-01
1.860471069812774658e-01
2.066874206066131592e-01
2.203111052513122559e-01
2.279143631458282471e-01
2.570443451404571533e-01
2.874525189399719238e-01
2.865817844867706299e-01
2.869731187820434570e-01
3.089300096035003662e-01
3.255753219127655029e-01
3.409598469734191895e-01
3.406369984149932861e-01
3.415329158306121826e-01
3.202325403690338135e-01
3.051349520683288574e-01
3.184225857257843018e-01
3.402629196643829346e-01
3.520492911338806152e-01
3.668559491634368896e-01
3.648938238620758057e-01
3.888306617736816406e-01
3.972441256046295166e-01
3.772730231285095215e-01
4.084474742412567139e-01
4.522827565670013428e-01
4.800578057765960693e-01
