9.409983754158020020e-01
9.606662988662719727e-01
9.626859426498413086e-01
9.647538661956787109e-01
9.590814709663391113e-01
9.484202861785888672e-01
9.471946358680725098e-01
9.519783854484558105e-01
9.538233280181884766e-01
9.654091000556945801e-01
9.769330024719238281e-01
9.774447679519653320e-01
9.739679098129272461e-01
9.736574888229370117e-01
9.749743938446044922e-01
9.765971302986145020e-01
9.772604703903198242e-01
9.748973250389099121e-01
9.712578654289245605e-01
9.693871140480041504e-01
9.688484668731689453e-01
9.684504866600036621e-01
9.688826203346252441e-01
9.697512984275817871e-01
9.696004986763000488e-01
9.704456329345703125e-01
9.705748558044433594e-01
9.703246355056762695e-01
9.699302911758422852e-01
9.685532450675964355e-01
9.663701057434082031e-01
9.633801579475402832e-01
9.598296880722045898e-01
9.570165276527404785e-01
9.537497162818908691e-01
9.479544162750244141e-01
9.421262741088867188e-01
9.350985884666442871e-01
9.270115494728088379e-01
9.246361851692199707e-01
9.153805971145629883e-01
9.072780609130859375e-01
9.054468274116516113e-01
8.934342861175537109e-01
8.883730769157409668e-01
8.790673017501831055e-01
8.683623671531677246e-01
8.606442213058471680e-01
8.577328920364379883e-01
8.509603142738342285e-01
8.446158766746520996e-01
8.334346413612365723e-01
8.327725529670715332e-01
8.262556791305541992e-01
8.088922500610351562e-01
7.928693294525146484e-01
7.838049530982971191e-01
7.644464373588562012e-01
7.740366458892822266e-01
7.778685092926025391e-01
7.750453948974609375e-01
7.612914443016052246e-01
7.544160485267639160e-01
7.504496574401855469e-01
7.507672309875488281e-01
7.581928372383117676e-01
7.731001973152160645e-01
7.933115363121032715e-01
8.261113166809082031e-01
8.553854823112487793e-01
8.686622977256774902e-01
8.788362145423889160e-01
8.850228786468505859e-01
8.859368562698364258e-01
8.874524831771850586e-01
8.883904218673706055e-01
8.916080594062805176e-01
8.947581648826599121e-01
9.024834632873535156e-01
9.089438915252685547e-01
9.206545352935791016e-01
9.264827370643615723e-01
9.324347376823425293e-01
9.380325078964233398e-01
9.411116242408752441e-01
9.439219236373901367e-01
9.477983713150024414e-01
9.484249353408813477e-01
9.536523222923278809e-01
9.569314122200012207e-01
9.577347636222839355e-01
9.598144292831420898e-01
9.600412845611572266e-01
9.622169733047485352e-01
9.633086919784545898e-01
9.637785553932189941e-01
9.642128348350524902e-01
9.646986126899719238e-01
9.646803736686706543e-01
9.658280611038208008e-01
9.669893383979797363e-01
9.634600281715393066e-01
9.626888036727905273e-01
9.643574953079223633e-01
9.649810194969177246e-01
9.627665281295776367e-01
9.591626524925231934e-01
9.546729326248168945e-01
9.537201523780822754e-01
9.480812549591064453e-01
9.483360052108764648e-01
9.521463513374328613e-01
9.499297738075256348e-01
9.446401000022888184e-01
9.460386633872985840e-01
9.492219090461730957e-01
9.494219422340393066e-01
9.421776533126831055e-01
9.368986487388610840e-01
9.334816336631774902e-01
9.011820554733276367e-01
