7.673408389091491699e-01
8.230634927749633789e-01
8.812804222106933594e-01
9.053000807762145996e-01
9.066649675369262695e-01
8.970512747764587402e-01
8.993309736251831055e-01
9.236199259757995605e-01
9.507296681404113770e-01
9.657541513442993164e-01
9.743604063987731934e-01
9.759704470634460449e-01
9.732829928398132324e-01
9.737906455993652344e-01
9.763683676719665527e-01
9.785389304161071777e-01
9.791332483291625977e-01
9.774062633514404297e-01
9.752257466316223145e-01
9.731949567794799805e-01
9.729973673820495605e-01
9.723336696624755859e-01
9.723181128501892090e-01
9.726979732513427734e-01
9.725167751312255859e-01
9.727885127067565918e-01
9.739960432052612305e-01
9.741208553314208984e-01
9.735530614852905273e-01
9.734362363815307617e-01
9.722237586975097656e-01
9.715144634246826172e-01
9.677895903587341309e-01
9.657877087593078613e-01
9.641206264495849609e-01
9.605997800827026367e-01
9.570935964584350586e-01
9.539967775344848633e-01
9.490740895271301270e-01
9.461742639541625977e-01
9.442254304885864258e-01
9.374974966049194336e-01
9.363091588020324707e-01
9.296182990074157715e-01
9.237488508224487305e-01
9.210615754127502441e-01
9.129703640937805176e-01
9.020438194274902344e-01
9.020745158195495605e-01
9.001924991607666016e-01
8.927013874053955078e-01
8.810783624649047852e-01
8.792674541473388672e-01
8.784517645835876465e-01
8.674717545509338379e-01
8.551431894302368164e-01
8.525912165641784668e-01
8.408322930335998535e-01
8.433630466461181641e-01
8.484712839126586914e-01
8.447290062904357910e-01
8.351336717605590820e-01
8.244681358337402344e-01
8.193616867065429688e-01
8.206546306610107422e-01
8.189398050308227539e-01
8.310168981552124023e-01
8.521643280982971191e-01
8.769546151161193848e-01
8.989356756210327148e-01
9.080004692077636719e-01
9.121135473251342773e-01
9.188892245292663574e-01
9.180931448936462402e-01
9.205582141876220703e-01
9.262371063232421875e-01
9.250227212905883789e-01
9.293788075447082520e-01
9.322112798690795898e-01
9.375496506690979004e-01
9.430259466171264648e-01
9.454036355018615723e-01
9.511424303054809570e-01
9.547408223152160645e-01
9.553248286247253418e-01
9.572876691818237305e-01
9.598881006240844727e-01
9.610509872436523438e-01
9.641547203063964844e-01
9.657977223396301270e-01
9.659081101417541504e-01
9.666953682899475098e-01
9.666563272476196289e-01
9.671813249588012695e-01
9.681454300880432129e-01
9.689605236053466797e-01
9.686731696128845215e-01
9.692317843437194824e-01
9.688952565193176270e-01
9.702738523483276367e-01
9.704785346984863281e-01
9.672017693519592285e-01
9.660941958427429199e-01
9.675629138946533203e-01
9.678911566734313965e-01
9.650758504867553711e-01
9.620013236999511719e-01
9.587798714637756348e-01
9.551200270652770996e-01
9.501311779022216797e-01
9.509714841842651367e-01
9.507497549057006836e-01
9.472149610519409180e-01
9.430060982704162598e-01
9.406561851501464844e-01
9.414955377578735352e-01
9.415886998176574707e-01
9.303389191627502441e-01
9.132717847824096680e-01
8.574766516685485840e-01
7.002705335617065430e-01
