5.772652626037597656e-01
5.770903825759887695e-01
5.723992586135864258e-01
5.625000596046447754e-01
5.492050647735595703e-01
5.441563129425048828e-01
5.326533913612365723e-01
5.358214974403381348e-01
5.390477776527404785e-01
5.214247107505798340e-01
5.019232630729675293e-01
4.504171013832092285e-01
3.815725743770599365e-01
3.435337245464324951e-01
3.305106759071350098e-01
3.219194710254669189e-01
2.755289375782012939e-01
1.946901977062225342e-01
1.457629948854446411e-01
1.135752722620964050e-01
9.787612408399581909e-02
9.174216538667678833e-02
8.867040276527404785e-02
1.008706912398338318e-01
9.222757816314697266e-02
8.497447520494461060e-02
1.014258787035942078e-01
1.123502850532531738e-01
1.189398914575576782e-01
1.207828372716903687e-01
1.224540397524833679e-01
1.303596049547195435e-01
1.415210366249084473e-01
1.451175063848495483e-01
1.630789190530776978e-01
1.788584738969802856e-01
1.980360001325607300e-01
2.190696448087692261e-01
2.331929504871368408e-01
2.575708329677581787e-01
2.918397784233093262e-01
3.232335150241851807e-01
3.363779485225677490e-01
3.504703342914581299e-01
3.795620501041412354e-01
4.064616262912750244e-01
4.240478575229644775e-01
4.537937641143798828e-01
4.804767072200775146e-01
4.780770540237426758e-01
4.827683568000793457e-01
4.635359942913055420e-01
4.440672099590301514e-01
4.311860799789428711e-01
4.209612011909484863e-01
4.085047543048858643e-01
3.861545920372009277e-01
3.627880811691284180e-01
3.749315142631530762e-01
4.052047431468963623e-01
4.054632782936096191e-01
4.038688242435455322e-01
3.599959611892700195e-01
3.142440021038055420e-01
2.902369499206542969e-01
2.996060848236083984e-01
3.493807911872863770e-01
4.105804562568664551e-01
4.505812227725982666e-01
4.899274408817291260e-01
5.098088383674621582e-01
5.059185028076171875e-01
4.964243471622467041e-01
4.952125847339630127e-01
4.952822029590606689e-01
4.907888472080230713e-01
4.696246087551116943e-01
4.193431735038757324e-01
3.880175352096557617e-01
3.622955381870269775e-01
3.047330379486083984e-01
2.849949002265930176e-01
2.620166242122650146e-01
2.326659560203552246e-01
2.066023945808410645e-01
1.784612834453582764e-01
1.724049299955368042e-01
1.676022410392761230e-01
1.647696495056152344e-01
1.496173888444900513e-01
1.341111809015274048e-01
1.335079818964004517e-01
1.439898312091827393e-01
1.633618026971817017e-01
1.732909977436065674e-01
1.860471963882446289e-01
2.066873162984848022e-01
2.203112244606018066e-01
2.279143184423446655e-01
2.570445537567138672e-01
2.874524891376495361e-01
2.865817248821258545e-01
2.869729995727539062e-01
3.089299201965332031e-01
3.255752027034759521e-01
3.409597575664520264e-01
3.406368792057037354e-01
3.415327370166778564e-01
3.202324211597442627e-01
3.051350116729736328e-01
3.184226155281066895e-01
3.402629494667053223e-01
3.520491421222686768e-01
3.668561875820159912e-01
3.648938238620758057e-01
3.888306915760040283e-01
3.972440659999847412e-01
3.772729337215423584e-01
4.084477126598358154e-01
4.522829353809356689e-01
4.800579845905303955e-01
