4.001723718829452991e-04
3.381728311069309711e-04
3.922965843230485916e-04
5.585338803939521313e-04
5.466120783239603043e-04
5.372611922211945057e-04
5.886018043383955956e-04
7.940378854982554913e-04
1.072204089723527431e-03
1.562339719384908676e-03
2.056841505691409111e-03
2.288152463734149933e-03
1.892251078970730305e-03
2.002435969188809395e-03
2.361573046073317528e-03
2.751462394371628761e-03
2.987628802657127380e-03
2.851048484444618225e-03
2.651271875947713852e-03
2.606438472867012024e-03
2.644120482727885246e-03
2.743280492722988129e-03
2.877576509490609169e-03
3.073493717238306999e-03
3.229393390938639641e-03
3.394548548385500908e-03
3.623377066105604172e-03
3.870869753882288933e-03
4.108466207981109619e-03
4.395745694637298584e-03
4.659597296267747879e-03
4.881503991782665253e-03
5.046188831329345703e-03
5.125708412379026413e-03
5.256982054561376572e-03
5.501154810190200806e-03
5.669045262038707733e-03
5.869326647371053696e-03
5.974439438432455063e-03
6.036418955773115158e-03
6.001641973853111267e-03
6.094480399042367935e-03
6.229429040104150772e-03
6.189204286783933640e-03
6.255726795643568039e-03
5.928555503487586975e-03
6.071382667869329453e-03
6.082843057811260223e-03
5.968867801129817963e-03
6.159127224236726761e-03
6.331590004265308380e-03
6.520772818475961685e-03
6.820553913712501526e-03
7.131596095860004425e-03
7.312085013836622238e-03
7.575034629553556442e-03
7.279220968484878540e-03
7.435917388647794724e-03
7.228242233395576477e-03
6.840840913355350494e-03
6.889252923429012299e-03
7.092555519193410873e-03
8.314943872392177582e-03
9.641358628869056702e-03
1.075436826795339584e-02
1.103544980287551880e-02
1.014275103807449341e-02
8.710166439414024353e-03
7.435358595103025436e-03
6.809027399867773056e-03
6.328116171061992645e-03
6.146669387817382812e-03
5.847075022757053375e-03
5.367972888052463531e-03
5.241033155471086502e-03
5.187796894460916519e-03
4.970331210643053055e-03
5.278943106532096863e-03
5.561367142945528030e-03
5.588501691818237305e-03
5.682827439159154892e-03
5.714229773730039597e-03
5.888407118618488312e-03
5.871859379112720490e-03
5.961364600807428360e-03
5.958091467618942261e-03
5.794443655759096146e-03
5.584558006376028061e-03
5.373902618885040283e-03
5.131984595209360123e-03
4.915916360914707184e-03
4.834103863686323166e-03
4.635249730199575424e-03
4.519115202128887177e-03
4.452602006494998932e-03
4.308129195123910904e-03
4.173982422798871994e-03
3.966570831835269928e-03
3.814060706645250320e-03
3.931678831577301025e-03
4.062899388372898102e-03
3.618090646341443062e-03
3.308066166937351227e-03
3.297427901998162270e-03
3.169345203787088394e-03
2.881950931623578072e-03
2.576224738731980324e-03
2.330517396330833435e-03
2.065342152491211891e-03
1.830506836995482445e-03
1.801302074454724789e-03
1.840246724896132946e-03
1.694717328064143658e-03
1.545733073726296425e-03
1.410685596056282520e-03
1.381815178319811821e-03
1.318971859291195869e-03
1.250055851414799690e-03
1.225121668539941311e-03
1.253798254765570164e-03
1.344420947134494781e-03
