1.764461339917033911e-04
1.459877094021067023e-04
1.475490862503647804e-04
1.737262646201997995e-04
1.624987198738381267e-04
1.712414959911257029e-04
1.861580385593697429e-04
2.146118058590218425e-04
2.605815243441611528e-04
3.164246736560016870e-04
3.626018296927213669e-04
3.850453358609229326e-04
3.721467219293117523e-04
4.019502375740557909e-04
4.598988743964582682e-04
5.068194586783647537e-04
5.462318658828735352e-04
5.557812983170151711e-04
5.502285785041749477e-04
5.639672745019197464e-04
5.793614545837044716e-04
6.062322063371539116e-04
6.370054907165467739e-04
6.821587448939681053e-04
7.252243231050670147e-04
7.643652497790753841e-04
7.939718780107796192e-04
8.538542315363883972e-04
9.192227153107523918e-04
9.858411503955721855e-04
1.070804195478558540e-03
1.135523780249059200e-03
1.261764089576900005e-03
1.315622939728200436e-03
1.389119192026555538e-03
1.533674541860818863e-03
1.654914696700870991e-03
1.820743200369179249e-03
1.928967656567692757e-03
2.021996537223458290e-03
2.026530681177973747e-03
2.196555025875568390e-03
2.286547329276800156e-03
2.439952222630381584e-03
2.573827747255563736e-03
2.437814138829708099e-03
2.590761054307222366e-03
2.655574353411793709e-03
2.535425825044512749e-03
2.556825522333383560e-03
2.759007038548588753e-03
3.091591410338878632e-03
3.243251936510205269e-03
3.398220753297209740e-03
3.603947116062045097e-03
3.919419366866350174e-03
3.794964402914047241e-03
4.099553916603326797e-03
4.006731789559125900e-03
3.767949761822819710e-03
3.825016319751739502e-03
4.068557638674974442e-03
4.817077424377202988e-03
5.670979153364896774e-03
6.256946828216314316e-03
6.399882491677999496e-03
5.784931592643260956e-03
4.757544025778770447e-03
3.703618189319968224e-03
3.021829994395375252e-03
2.601226791739463806e-03
2.385585568845272064e-03
2.180255251005291939e-03
2.033296274021267891e-03
1.997506711632013321e-03
1.945003168657422066e-03
1.876210211776196957e-03
1.925209537148475647e-03
2.069914946332573891e-03
1.927594537846744061e-03
1.866005244664847851e-03
1.874943613074719906e-03
1.796195982024073601e-03
1.725750276818871498e-03
1.728871604427695274e-03
1.711152028292417526e-03
1.605517347343266010e-03
1.513599418103694916e-03
1.384543487802147865e-03
1.296895090490579605e-03
1.223287312313914299e-03
1.192402094602584839e-03
1.157791703008115292e-03
1.125006470829248428e-03
1.088951597921550274e-03
1.051116152666509151e-03
1.022885669954121113e-03
9.702835232019424438e-04
9.170563425868749619e-04
9.059042204171419144e-04
8.959283004514873028e-04
8.655634010210633278e-04
8.287746459245681763e-04
8.158124401234090328e-04
7.545899134129285812e-04
7.086987025104463100e-04
6.648149574175477028e-04
6.145001389086246490e-04
5.660620518028736115e-04
5.323179066181182861e-04
5.036254297010600567e-04
4.943904932588338852e-04
4.639237595256417990e-04
4.342301690485328436e-04
4.050349525641649961e-04
3.914661065209656954e-04
3.849728964269161224e-04
3.816056123469024897e-04
4.075991455465555191e-04
4.560258530545979738e-04
6.860382272861897945e-04
