7.625889702467247844e-05
6.244359246920794249e-05
8.474237256450578570e-05
1.144641428254544735e-04
1.248336629942059517e-04
1.251761132152751088e-04
1.484675885876640677e-04
1.758634462021291256e-04
2.424853591946884990e-04
3.138378087896853685e-04
3.468244394753128290e-04
3.948118246626108885e-04
3.781922860071063042e-04
4.023654037155210972e-04
4.805616044905036688e-04
5.366734694689512253e-04
5.914340144954621792e-04
5.955994711257517338e-04
5.967587349005043507e-04
6.086047505959868431e-04
6.321419496089220047e-04
6.577884778380393982e-04
6.891868542879819870e-04
7.275975658558309078e-04
7.777663995511829853e-04
8.164653554558753967e-04
8.650648524053394794e-04
9.329849854111671448e-04
9.958591545000672340e-04
1.090640784241259098e-03
1.203716034069657326e-03
1.317826914601027966e-03
1.443040207959711552e-03
1.507183769717812538e-03
1.625064061954617500e-03
1.796354074031114578e-03
1.956875901669263840e-03
2.215324668213725090e-03
2.417577197775244713e-03
2.530936850234866142e-03
2.599645173177123070e-03
2.721469616517424583e-03
2.943658735603094101e-03
3.194695571437478065e-03
3.203004132956266403e-03
3.098685760051012039e-03
3.244393970817327499e-03
3.232767805457115173e-03
3.101609880104660988e-03
3.170430194586515427e-03
3.420503111556172371e-03
3.671147162094712257e-03
3.837878350168466568e-03
4.021901637315750122e-03
4.313287790864706039e-03
4.603453911840915680e-03
4.612852353602647781e-03
4.923208151012659073e-03
4.760172683745622635e-03
4.496360663324594498e-03
4.577088635414838791e-03
4.878884181380271912e-03
5.651239771395921707e-03
6.671525072306394577e-03
7.417965680360794067e-03
7.462724577635526657e-03
6.789734587073326111e-03
5.623850505799055099e-03
4.461413249373435974e-03
3.652335377410054207e-03
3.158560954034328461e-03
2.822836395353078842e-03
2.646043663844466209e-03
2.492823405191302299e-03
2.462362870573997498e-03
2.420759992673993111e-03
2.328531816601753235e-03
2.466800855472683907e-03
2.563217654824256897e-03
2.442513825371861458e-03
2.294805133715271950e-03
2.235950669273734093e-03
2.173821907490491867e-03
2.115920418873429298e-03
2.056539058685302734e-03
1.997163984924554825e-03
1.911596744321286678e-03
1.769248512573540211e-03
1.579227857291698456e-03
1.465989276766777039e-03
1.383751630783081055e-03
1.339153153821825981e-03
1.290893065743148327e-03
1.229676883667707443e-03
1.198079669848084450e-03
1.160910469479858875e-03
1.118037034757435322e-03
1.062368392013013363e-03
1.004065503366291523e-03
9.982212213799357414e-04
9.942023316398262978e-04
9.431326761841773987e-04
8.864545961841940880e-04
8.934757206588983536e-04
8.212913526222109795e-04
7.651609485037624836e-04
7.222667918540537357e-04
6.781236734241247177e-04
6.029740325175225735e-04
5.628233775496482849e-04
5.417412612587213516e-04
5.158496205694973469e-04
4.890700802206993103e-04
4.636238445527851582e-04
4.158637311775237322e-04
3.957496955990791321e-04
3.857401607092469931e-04
3.709697048179805279e-04
3.405591996852308512e-04
3.124301729258149862e-04
3.889928339049220085e-04
