3.143625508528202772e-04
2.914518408942967653e-04
3.579608455765992403e-04
5.499801482073962688e-04
5.597348790615797043e-04
5.594681133516132832e-04
6.195813766680657864e-04
8.196753333322703838e-04
1.070085330866277218e-03
1.575864269398152828e-03
2.113183261826634407e-03
2.378118224442005157e-03
2.131556626409292221e-03
2.303456189110875130e-03
2.767553552985191345e-03
3.221677383407950401e-03
3.612725296989083290e-03
3.633794141933321953e-03
3.489374183118343353e-03
3.489650320261716843e-03
3.565562888979911804e-03
3.714716993272304535e-03
3.902829019352793694e-03
4.140090662986040115e-03
4.369617439806461334e-03
4.603539127856492996e-03
4.866516683250665665e-03
5.176087375730276108e-03
5.475012119859457016e-03
5.838142707943916321e-03
6.172994617372751236e-03
6.439427845180034637e-03
6.624307483434677124e-03
6.709878798574209213e-03
6.798950489610433578e-03
7.062103599309921265e-03
7.212114054709672928e-03
7.376593537628650665e-03
7.440690416842699051e-03
7.417407818138599396e-03
7.198902312666177750e-03
7.183494046330451965e-03
7.222751621156930923e-03
7.100983057171106339e-03
7.043581921607255936e-03
6.585871335119009018e-03
6.590582430362701416e-03
6.401583086699247360e-03
6.144239567220211029e-03
6.175876129418611526e-03
6.242407951503992081e-03
6.633662618696689606e-03
7.086118217557668686e-03
7.399222347885370255e-03
7.705952506512403488e-03
8.180224336683750153e-03
8.039521984755992889e-03
8.416783995926380157e-03
8.224518969655036926e-03
7.723611313849687576e-03
7.822452113032341003e-03
8.109121583402156830e-03
9.641616605222225189e-03
1.145315822213888168e-02
1.298533752560615540e-02
1.323006488382816315e-02
1.185673940926790237e-02
9.686092846095561981e-03
8.111258037388324738e-03
7.260357029736042023e-03
6.646732334047555923e-03
6.367201916873455048e-03
5.977414082735776901e-03
5.500406492501497269e-03
5.367945879697799683e-03
5.451474338769912720e-03
5.267899017781019211e-03
5.762194748967885971e-03
6.127676926553249359e-03
6.294916383922100067e-03
6.660611834377050400e-03
6.840463727712631226e-03
7.196117192506790161e-03
7.317759562283754349e-03
7.538798265159130096e-03
7.632057182490825653e-03
7.436461281031370163e-03
7.243014406412839890e-03
6.966517306864261627e-03
6.704490166157484055e-03
6.484915968030691147e-03
6.362835876643657684e-03
6.096438039094209671e-03
5.881620105355978012e-03
5.773998331278562546e-03
5.568574182689189911e-03
5.312030203640460968e-03
4.990157671272754669e-03
4.768734332174062729e-03
4.835518542677164078e-03
4.917949438095092773e-03
4.370749462395906448e-03
4.009669646620750427e-03
3.955695778131484985e-03
3.746986854821443558e-03
3.385837888345122337e-03
3.030002117156982422e-03
2.706768224015831947e-03
2.441732678562402725e-03
2.206628676503896713e-03
2.142313169315457344e-03
2.116395393386483192e-03
1.957334112375974655e-03
1.812195172533392906e-03
1.686603645794093609e-03
1.656582811847329140e-03
1.596061629243195057e-03
1.529199536889791489e-03
1.489309244789183140e-03
1.470607821829617023e-03
1.582379103638231754e-03
