4.001702764071524143e-04
3.381710266694426537e-04
3.922944888472557068e-04
5.585319013334810734e-04
5.466081784106791019e-04
5.372589221224188805e-04
5.885952850803732872e-04
7.940258365124464035e-04
1.072194660082459450e-03
1.562324236147105694e-03
2.056806348264217377e-03
2.288121730089187622e-03
1.892234897240996361e-03
2.002424327656626701e-03
2.361553022637963295e-03
2.751447493210434914e-03
2.987619256600737572e-03
2.851024735718965530e-03
2.651252551004290581e-03
2.606419846415519714e-03
2.644093241542577744e-03
2.743257442489266396e-03
2.877556253224611282e-03
3.073469968512654305e-03
3.229371504858136177e-03
3.394528059288859367e-03
3.623342607170343399e-03
3.870835527777671814e-03
4.108427558094263077e-03
4.395722877234220505e-03
4.659571684896945953e-03
4.881482105702161789e-03
5.046158563345670700e-03
5.125669296830892563e-03
5.256950855255126953e-03
5.501121748238801956e-03
5.668980535119771957e-03
5.869290791451931000e-03
5.974359810352325439e-03
6.036323960870504379e-03
6.001540925353765488e-03
6.094336975365877151e-03
6.229218095541000366e-03
6.188980303704738617e-03
6.255459506064653397e-03
5.928297992795705795e-03
6.071043200790882111e-03
6.082518491894006729e-03
5.968543700873851776e-03
6.158847361803054810e-03
6.331324111670255661e-03
6.520510651171207428e-03
6.820258684456348419e-03
7.131260819733142853e-03
7.311798166483640671e-03
7.574817165732383728e-03
7.279014214873313904e-03
7.435686886310577393e-03
7.227952592074871063e-03
6.840695627033710480e-03
6.889075506478548050e-03
7.092362269759178162e-03
8.314768783748149872e-03
9.641247801482677460e-03
1.075428910553455353e-02
1.103535667061805725e-02
1.014267280697822571e-02
8.710108697414398193e-03
7.435267325490713120e-03
6.808912847191095352e-03
6.328027229756116867e-03
6.146543193608522415e-03
5.846963264048099518e-03
5.367876961827278137e-03
5.240939091891050339e-03
5.187689792364835739e-03
4.970185924321413040e-03
5.278796423226594925e-03
5.561233032494783401e-03
5.588348023593425751e-03
5.682646296918392181e-03
5.714052822440862656e-03
5.888265557587146759e-03
5.871731322258710861e-03
5.961212795227766037e-03
5.957968998700380325e-03
5.794333294034004211e-03
5.584470462054014206e-03
5.373839288949966431e-03
5.131929181516170502e-03
4.915864672511816025e-03
4.834070801734924316e-03
4.635203164070844650e-03
4.519069567322731018e-03
4.452569410204887390e-03
4.308103583753108978e-03
4.173953551799058914e-03
3.966553602367639542e-03
3.814032766968011856e-03
3.931661602109670639e-03
4.062874242663383484e-03
3.618065733462572098e-03
3.308035200461745262e-03
3.297402057796716690e-03
3.169318195432424545e-03
2.881922293454408646e-03
2.576195169240236282e-03
2.330500632524490356e-03
2.065333304926753044e-03
1.830494846217334270e-03
1.801290898583829403e-03
1.840227982029318810e-03
1.694704056717455387e-03
1.545723993331193924e-03
1.410674885846674442e-03
1.381808542646467686e-03
1.318961381912231445e-03
1.250049448572099209e-03
1.225114567205309868e-03
1.253791037015616894e-03
1.344411750324070454e-03
