3.143685171380639076e-04
2.914586802944540977e-04
3.579707117751240730e-04
5.499973776750266552e-04
5.597560084424912930e-04
5.594837712123990059e-04
6.196052418090403080e-04
8.197058923542499542e-04
1.070126192644238472e-03
1.575927133671939373e-03
2.113277325406670570e-03
2.378191798925399780e-03
2.131630666553974152e-03
2.303528133779764175e-03
2.767638070508837700e-03
3.221777267754077911e-03
3.612847067415714264e-03
3.633909858763217926e-03
3.489453112706542015e-03
3.489718772470951080e-03
3.565632272511720657e-03
3.714781953021883965e-03
3.902906551957130432e-03
4.140177275985479355e-03
4.369699396193027496e-03
4.603632260113954544e-03
4.866617731750011444e-03
5.176216363906860352e-03
5.475183948874473572e-03
5.838326644152402878e-03
6.173189263790845871e-03
6.439623422920703888e-03
6.624544970691204071e-03
6.710126530379056931e-03
6.799239199608564377e-03
7.062443066388368607e-03
7.212484255433082581e-03
7.376974448561668396e-03
7.441140245646238327e-03
7.417866960167884827e-03
7.199358660727739334e-03
7.183971814811229706e-03
7.223255466669797897e-03
7.101473864167928696e-03
7.044082973152399063e-03
6.586305797100067139e-03
6.590990815311670303e-03
6.401954684406518936e-03
6.144569255411624908e-03
6.176189985126256943e-03
6.242698524147272110e-03
6.633982993662357330e-03
7.086451165378093719e-03
7.399585098028182983e-03
7.706320844590663910e-03
8.180594071745872498e-03
8.039942942559719086e-03
8.417211472988128662e-03
8.224930614233016968e-03
7.724089082330465317e-03
7.822915911674499512e-03
8.109561167657375336e-03
9.642121382057666779e-03
1.145364902913570404e-02
1.298580411821603775e-02
1.323040761053562164e-02
1.185699459165334702e-02
9.686301462352275848e-03
8.111413568258285522e-03
7.260511629283428192e-03
6.646869704127311707e-03
6.367343012243509293e-03
5.977547727525234222e-03
5.500543862581253052e-03
5.368086043745279312e-03
5.451606120914220810e-03
5.268035922199487686e-03
5.762367509305477142e-03
6.127853877842426300e-03
6.295129191130399704e-03
6.660836283117532730e-03
6.840727757662534714e-03
7.196397054940462112e-03
7.318054325878620148e-03
7.539098616689443588e-03
7.632327266037464142e-03
7.436738349497318268e-03
7.243259809911251068e-03
6.966736167669296265e-03
6.704699248075485229e-03
6.485089194029569626e-03
6.363004911690950394e-03
6.096594501286745071e-03
5.881758406758308411e-03
5.774139892309904099e-03
5.568691529333591461e-03
5.312155000865459442e-03
4.990283399820327759e-03
4.768850281834602356e-03
4.835630301386117935e-03
4.918072372674942017e-03
4.370862152427434921e-03
4.009789321571588516e-03
3.955823834985494614e-03
3.747098846361041069e-03
3.385942662134766579e-03
3.030097577720880508e-03
2.706856699660420418e-03
2.441814169287681580e-03
2.206696663051843643e-03
2.142383018508553505e-03
2.116462448611855507e-03
1.957390690222382545e-03
1.812246162444353104e-03
1.686654286459088326e-03
1.656630192883312702e-03
1.596109825186431408e-03
1.529245055280625820e-03
1.489344402216374874e-03
1.470643328502774239e-03
1.582409837283194065e-03
